orden_compra,proveedor,responsable,estado_compra,estado_recepcion,producto,cantidad,unidad_medida,precio_unitario,subtotal,fecha_orden,fecha_planificada,fecha_recepcion_real,vencida,monto_total_orden,actualizado
P00842,Ronquillo Cerda Braulio Mauricio,PAOLA CALVACHE,Orden de compra,Pendiente recepción,[MP00242] MORA CATEGORIA 1,160.0,kg,1.5,240.0,2026-09-04 15:32,2026-09-04 15:32,,Sí,1978.08,2026-09-04 22:30:36
P00842,Ronquillo Cerda Braulio Mauricio,PAOLA CALVACHE,Orden de compra,Pendiente recepción,[MP00016] MORA DE CASTILLA,1224.0,kg,1.42,1738.08,2026-09-04 15:32,2026-09-04 15:32,,Sí,1978.08,2026-09-04 22:30:36
P00841,GUANABANA-BIG CIA.LTDA.,PAOLA CALVACHE,Orden de compra,Pendiente recepción,[MP00028] MOTA GUANABANA,4028.0,kg,1.4,5639.2,2026-09-04 11:27,2026-09-04 11:27,,Sí,5639.2,2026-09-04 22:30:36
P00840,Diaz Romero Eder Alexander,PAOLA CALVACHE,Orden de compra,Pendiente recepción,[MP00027] TAMARINDO,1018.0,kg,2.05,2086.9,2026-09-04 11:27,2026-09-04 11:27,,Sí,2086.9,2026-09-04 22:30:36
P00839,CHICAIZA CHULCO YOLANDA VERONICA,PAOLA CALVACHE,Orden de compra,Recibida completa,[MP00016] MORA DE CASTILLA,291.0,kg,1.42,413.22,2026-09-03 15:42,2026-09-03 15:42,2026-09-04 10:47,,413.22,2026-09-04 22:30:36
P00838,APRACOM S.A.,PAOLA CALVACHE,Orden de compra,Pendiente recepción,[INS002] AGUA DESTILADA GALON,12.0,Units,2.3922,28.71,2026-09-03 12:35,2026-09-15 00:00,,No,33.02,2026-09-04 22:30:36
P00837,GELARDO RUIZ CLARA,PAOLA CALVACHE,Orden de compra,Recibida completa,[MP00022] PIÑA,622.0,kg,0.57,354.54,2026-09-03 11:11,2026-09-03 11:11,2026-09-04 10:37,,354.54,2026-09-04 22:30:36
P00836,AGUILAR CHUGA CRISTOPHER ALEXANDER,PAOLA CALVACHE,Orden de compra,Recibida completa,[MP00003] GUAYABA,5531.0,kg,0.8,4424.8,2026-09-03 11:10,2026-09-03 11:10,2026-09-04 10:37,,4424.8,2026-09-04 22:30:36
P00835,APRACOM S.A.,PAOLA CALVACHE,Orden de compra,Pendiente recepción,[INS013] JABON ALK 25,80.0,kg,1.85,148.0,2026-09-03 10:38,2026-10-13 00:00,,No,255.3,2026-09-04 22:30:36
P00835,APRACOM S.A.,PAOLA CALVACHE,Orden de compra,Pendiente recepción,[INS014] JABON BC ALK CLOR,40.0,kg,1.85,74.0,2026-09-03 10:38,2026-10-13 00:00,,No,255.3,2026-09-04 22:30:36
P00834,SMART CHEMISTRY SMACH S.A.,PAOLA CALVACHE,Orden de compra,Pendiente recepción,[INS001] ACIDO PERACETICO 15%,92.0,kg,5.92,544.64,2026-09-03 10:31,2026-10-06 00:00,,No,626.34,2026-09-04 22:30:36
P00833,PLASTICOS INTERNACIONALES PLASINCA C.A.,PAOLA CALVACHE,Orden de compra,Pendiente recepción,[FUN001] FUNDA GAVETA,5000.0,Units,0.0393,196.48,2026-09-03 10:25,2026-10-05 00:00,,No,225.95,2026-09-04 22:30:36
P00832,APRACOM S.A.,PAOLA CALVACHE,Orden de compra,Pendiente recepción,[INS013] JABON ALK 25,80.0,kg,1.85,148.0,2026-09-03 10:23,2026-09-29 00:00,,No,277.15,2026-09-04 22:30:36
P00832,APRACOM S.A.,PAOLA CALVACHE,Orden de compra,Pendiente recepción,[INS007] CLORO 10%,20.0,kg,0.95,19.0,2026-09-03 10:23,2026-09-29 00:00,,No,277.15,2026-09-04 22:30:36
P00832,APRACOM S.A.,PAOLA CALVACHE,Orden de compra,Pendiente recepción,[INS014] JABON BC ALK CLOR,40.0,kg,1.85,74.0,2026-09-03 10:23,2026-09-29 00:00,,No,277.15,2026-09-04 22:30:36
P00831,DISTRIBUIDORA DESCALZI S.A.,PAOLA CALVACHE,Orden de compra,Pendiente recepción,[MP00244] ESENCIA DE FRESA,10.0,kg,20.6,206.0,2026-09-03 10:21,2026-09-25 00:00,,No,236.9,2026-09-04 22:30:36
P00830,ZURITA AGUILAR JESSICA TATIANA,PAOLA CALVACHE,Orden de compra,Pendiente recepción,[INS020] LIMPION PAÑOS WYPALL,20.0,Units,7.67,153.4,2026-09-03 10:20,2026-09-17 00:00,,No,176.41,2026-09-04 22:30:36
P00829,QUIMERCO S.A.S,PAOLA CALVACHE,Orden de compra,Pendiente recepción,[MP00120] FRUCTOSA,181.44,kg,3.5,635.04,2026-09-03 10:19,2026-09-17 00:00,,No,1398.0,2026-09-04 22:30:36
P00829,QUIMERCO S.A.S,PAOLA CALVACHE,Orden de compra,Pendiente recepción,[MP00206] ALMIDON KOL GUARDO NG,181.44,kg,3.2,580.61,2026-09-03 10:19,2026-09-17 00:00,,No,1398.0,2026-09-04 22:30:36
P00828,TOP TRADING TOPTRA CIA. LTDA.,PAOLA CALVACHE,Orden de compra,Pendiente recepción,[MP00057] ACIDO CITRICO,50.0,kg,1.28,64.0,2026-09-03 10:16,2026-09-17 00:00,,No,407.68,2026-09-04 22:30:36
P00828,TOP TRADING TOPTRA CIA. LTDA.,PAOLA CALVACHE,Orden de compra,Pendiente recepción,[MP00056] ACIDO ASCORBICO,50.0,kg,5.81,290.5,2026-09-03 10:16,2026-09-17 00:00,,No,407.68,2026-09-04 22:30:36
P00827,NOVACHEM DEL ECUADOR S.C.C.,PAOLA CALVACHE,Orden de compra,Pendiente recepción,"[INS012] HIDROXIDO DE SODIO 0,1 N",6.0,Units,34.4799,206.88,2026-09-03 10:14,2026-09-16 00:00,,No,237.91,2026-09-04 22:30:36
P00826,SMART CHEMISTRY SMACH S.A.,PAOLA CALVACHE,Orden de compra,Pendiente recepción,[INS001] ACIDO PERACETICO 15%,92.0,kg,5.92,544.64,2026-09-03 10:09,2026-09-15 00:00,,No,626.34,2026-09-04 22:30:36
P00825,MOVERPRINT CIA. LTDA.,PAOLA CALVACHE,Orden de compra,Pendiente recepción,[INS025] RIBBON DE RESINA 300 M,10.0,Units,0.0,0.0,2026-09-03 10:07,2026-09-14 00:00,,No,331.78,2026-09-04 22:30:36
P00825,MOVERPRINT CIA. LTDA.,PAOLA CALVACHE,Orden de compra,Pendiente recepción,[INS026] RIBBON DE RESINA 450 M,10.0,Units,28.85,288.5,2026-09-03 10:07,2026-09-14 00:00,,No,331.78,2026-09-04 22:30:36
P00824,ALITECNO COMERCIO DE INSUMOS PARA LA INDUSTRIA DE ALIMENTOS,PAOLA CALVACHE,Orden de compra,Pendiente recepción,[FUN002] FUNDA METALIZADA C/VALVULA 1 KG,3000.0,Units,0.26,780.0,2026-09-03 10:06,2026-09-10 00:00,,No,897.0,2026-09-04 22:30:36
P00823,MOVERPRINT CIA. LTDA.,PAOLA CALVACHE,Orden de compra,Pendiente recepción,"[ETI005] ETIQUETA ADHESIVA BLANCA ENTERA 10,1X6,4 CM 500 G",10000.0,Units,0.0112,112.22,2026-09-03 10:03,2026-09-09 00:00,,No,129.05,2026-09-04 22:30:36
P00822,LABMAREMI ECUADOR CIA.LTDA.,PAOLA CALVACHE,Orden de compra,Pendiente recepción,[INS016] JABON LIQUIDO DE MANOS,4.0,Units,14.85,59.4,2026-09-03 09:54,2026-09-08 00:00,,No,471.96,2026-09-04 22:30:36
P00822,LABMAREMI ECUADOR CIA.LTDA.,PAOLA CALVACHE,Orden de compra,Pendiente recepción,[INS009] FUNDA DE BASURA GRANDE 35X47 CM,100.0,Units,1.75,175.0,2026-09-03 09:54,2026-09-09 00:00,,No,471.96,2026-09-04 22:30:36
P00822,LABMAREMI ECUADOR CIA.LTDA.,PAOLA CALVACHE,Orden de compra,Pendiente recepción,[INS029] GUANTE DESECHABLE TALLA M,20.0,Units,4.4,88.0,2026-09-03 09:54,2026-09-10 00:00,,No,471.96,2026-09-04 22:30:36
P00822,LABMAREMI ECUADOR CIA.LTDA.,PAOLA CALVACHE,Orden de compra,Pendiente recepción,[INS030] GUANTE DESECHABLE TALLA L,20.0,Units,4.4,88.0,2026-09-03 09:54,2026-09-10 00:00,,No,471.96,2026-09-04 22:30:36
P00821,COMERCIO EXTERIOR CECOMEX S.A.,PAOLA CALVACHE,Orden de compra,Pendiente recepción,[INS003] AIRBAG FUNDA PLASTICA 90X180 CM,80.0,Units,8.9,712.0,2026-09-03 09:44,2026-09-07 00:00,,No,818.8,2026-09-04 22:30:36
P00820,COMERCIAL KYWI S.A.,PAOLA CALVACHE,Orden de compra,Pendiente recepción,[CIN002] CINTA DE EMBALAJE TRANSP 48X100 YD,38.0,Units,0.7565,28.75,2026-09-03 08:39,2026-09-02 08:39,,Sí,33.06,2026-09-04 22:30:36
P00819,DIAZ LALANGUI PEDRO FRANCISCO,PAOLA CALVACHE,Orden de compra,Recibida completa,[MP00028] MOTA GUANABANA,606.0,kg,1.4,848.4,2026-09-02 16:37,2026-09-02 16:37,2026-09-03 15:40,,848.4,2026-09-04 22:30:36
P00818,COMPANIA DE TRANSPORTE TYDCOSERVICES S.A.,PAOLA CALVACHE,Orden de compra,Pendiente recepción,[INS032] Diesel,1000.0,Units,4.03,4030.0,2026-09-02 16:34,2026-09-07 16:34,,No,4634.5,2026-09-04 22:30:36
P00817,HERNANDEZ FREIRE DIANA MARICELA,PAOLA CALVACHE,Orden de compra,Recibida completa,[MP00213] DURAZNO GRADO 8,391.0,kg,1.45,566.95,2026-09-02 12:07,2026-09-02 12:07,2026-09-03 08:32,,566.95,2026-09-04 22:30:36
P00816,GARCES ERAZO ESTEBAN ISRAEL,PAOLA CALVACHE,Orden de compra,Recibida completa,[MP00012] TOMATE DE ARBOL,1754.0,kg,1.35,2367.9,2026-09-02 12:07,2026-09-02 12:07,2026-09-03 08:32,,2367.9,2026-09-04 22:30:36
P00815,GARCES ERAZO ESTEBAN ISRAEL,PAOLA CALVACHE,Orden de compra,Recibida completa,[MP00241] TOMATE DE ARBOL 4 CM,1016.0,kg,1.65,1676.4,2026-09-02 08:43,2026-09-02 08:43,2026-09-03 08:31,,1676.4,2026-09-04 22:30:36
P00814,Corrugadora Nacional Cransa S.A.,PAOLA CALVACHE,Orden de compra,Pendiente recepción,[CAJ401] CAJA EVOKE PULPAS 3 KG,1400.0,Units,0.232,324.8,2026-09-02 08:20,2026-09-17 08:20,,No,373.52,2026-09-04 22:30:36
P00813,MOVERPRINT CIA. LTDA.,PAOLA CALVACHE,Orden de compra,Pendiente recepción,[ETI001] ETIQUETA ADHESIVA BLANCA 9X12 CM,30000.0,Units,0.021,630.0,2026-09-01 16:31,2026-09-07 00:00,,No,724.5,2026-09-04 22:30:36
P00812,DON GATO SUPERMERCADO MAYORISTA S.A.,PAOLA CALVACHE,Orden de compra,Pendiente recepción,[MP00051] AZUCAR,2500.0,kg,0.72,1800.0,2026-09-01 14:59,2026-09-04 00:00,,Sí,1800.0,2026-09-04 22:30:36
P00811,Compania Nacional de Plasticos Conaplas S.A.,PAOLA CALVACHE,Orden de compra,Pendiente recepción,[CIN002] CINTA DE EMBALAJE TRANSP 48X100 YD,300.0,Units,0.65,195.0,2026-09-01 14:56,2026-09-07 00:00,,No,1295.13,2026-09-04 22:30:36
P00811,Compania Nacional de Plasticos Conaplas S.A.,PAOLA CALVACHE,Orden de compra,Pendiente recepción,[CIN003] CINTA DE EMBALAJE TRANSP 48X1000 YD,24.0,Units,6.8,163.2,2026-09-01 14:56,2026-09-07 00:00,,No,1295.13,2026-09-04 22:30:36
P00811,Compania Nacional de Plasticos Conaplas S.A.,PAOLA CALVACHE,Orden de compra,Pendiente recepción,[CIN004] CINTA STRECH 50 CM,120.0,Units,6.4,768.0,2026-09-01 14:56,2026-09-07 00:00,,No,1295.13,2026-09-04 22:30:36
P00810,CHAVEZ TORRES MARLENE LASTENIA,PAOLA CALVACHE,Orden de compra,Recibida completa,[MP00019] NARANJILLA,5426.0,kg,1.0,5426.0,2026-09-01 14:45,2026-09-01 14:45,2026-09-03 08:38,,5426.0,2026-09-04 22:30:36
P00809,CHAVEZ TORRES MARLENE LASTENIA,PAOLA CALVACHE,Orden de compra,Recibida completa,[MP00243] LULO ENTERO,733.0,kg,1.0,733.0,2026-09-01 13:18,2026-09-01 13:18,2026-09-03 08:37,,733.0,2026-09-04 22:30:36
P00808,Diaz Romero Eder Alexander,PAOLA CALVACHE,Orden de compra,Recibida completa,[MP00027] TAMARINDO,1820.0,kg,2.05,3731.0,2026-09-01 09:36,2026-09-01 09:36,2026-09-02 09:07,,3731.0,2026-09-04 22:30:36
P00807,DIAZ LALANGUI PEDRO FRANCISCO,PAOLA CALVACHE,Orden de compra,Recibida completa,[MP00005] COCO,1417.0,kg,3.9,5526.3,2026-09-01 08:13,2026-09-01 08:13,2026-09-02 08:53,,5526.3,2026-09-04 22:30:36
P00806,Frutas Procesadas S.A. Fruprosa,PAOLA CALVACHE,Orden de compra,Recibida completa,[MP00003] GUAYABA,2524.0,kg,0.55,1388.2,2026-08-31 13:32,2026-08-31 13:32,2026-08-31 16:13,,1388.2,2026-09-04 22:30:36
P00805,NOGUERA GILER YOFFRE GEOVANNY,PAOLA CALVACHE,Orden de compra,Recibida completa,[MP00014] MARACUYA,12572.0,kg,0.7,8800.4,2026-08-31 10:55,2026-08-31 10:55,2026-08-31 13:08,,8800.4,2026-09-04 22:30:36
P00804,SILVA ARMIJOS JESSICA DANIELA,PAOLA CALVACHE,Orden de compra,Recibida completa,[MP00242] MORA CATEGORIA 1,51.0,kg,1.5,76.5,2026-08-28 17:18,2026-08-28 17:18,2026-08-31 13:07,,890.16,2026-09-04 22:30:36
P00804,SILVA ARMIJOS JESSICA DANIELA,PAOLA CALVACHE,Orden de compra,Recibida completa,[MP00016] MORA DE CASTILLA,573.0,kg,1.42,813.66,2026-08-28 17:18,2026-08-28 17:18,2026-08-31 13:07,,890.16,2026-09-04 22:30:36
P00803,LISINTUÑA TIPAN CARMEN MARIA,PAOLA CALVACHE,Orden de compra,Recibida completa,[MP00242] MORA CATEGORIA 1,91.0,kg,1.5,136.5,2026-08-28 17:17,2026-08-28 17:17,2026-08-31 13:07,,833.72,2026-09-04 22:30:36
P00803,LISINTUÑA TIPAN CARMEN MARIA,PAOLA CALVACHE,Orden de compra,Recibida completa,[MP00016] MORA DE CASTILLA,491.0,kg,1.42,697.22,2026-08-28 17:17,2026-08-29 17:17,2026-08-31 13:07,,833.72,2026-09-04 22:30:36
P00802,MILANPLASTIC S A,PAOLA CALVACHE,Orden de compra,Pendiente recepción,[FUN203] FUNDA GOYA USA PULPA DE LULO,65000.0,Units,0.0496,3224.0,2026-08-28 15:52,2026-11-04 00:00,,No,6773.5,2026-09-04 22:30:36
P00802,MILANPLASTIC S A,PAOLA CALVACHE,Orden de compra,Pendiente recepción,[ROL202] ROLLO FUNDA GOYA USA PULPA DE GUAYABA 12X14 OZ,150.0,kg,6.2,930.0,2026-08-28 15:52,2026-11-04 00:00,,No,6773.5,2026-09-04 22:30:36
P00802,MILANPLASTIC S A,PAOLA CALVACHE,Orden de compra,Pendiente recepción,[FUN202] FUNDA GOYA USA PULPA DE GUAYABA,35000.0,Units,0.0496,1736.0,2026-08-28 15:52,2026-11-04 00:00,,No,6773.5,2026-09-04 22:30:36
P00801,MILANPLASTIC S A,PAOLA CALVACHE,Orden de compra,Pendiente recepción,[ROL204] ROLLO FUNDA GOYA USA PULPA DE MANGO 12X14 OZ,300.0,kg,6.2,1860.0,2026-08-28 15:51,2026-10-28 00:00,,No,2139.0,2026-09-04 22:30:36
P00800,MILANPLASTIC S A,PAOLA CALVACHE,Orden de compra,Pendiente recepción,[ROL201] ROLLO FUNDA GOYA USA PULPA DE  GUANABANA 12X14 OZ,150.0,kg,6.2,930.0,2026-08-28 15:50,2026-10-21 00:00,,No,3065.9,2026-09-04 22:30:36
P00800,MILANPLASTIC S A,PAOLA CALVACHE,Orden de compra,Pendiente recepción,[FUN201] FUNDA GOYA USA PULPA DE GUANABANA,35000.0,Units,0.0496,1736.0,2026-08-28 15:50,2026-10-21 00:00,,No,3065.9,2026-09-04 22:30:36
P00799,GRUPO DYMAP SCC.,PAOLA CALVACHE,Orden de compra,Pendiente recepción,[PAL0002] PALLET ESTANDAR DE MADERA 100X120 CM,60.0,Units,12.45,747.0,2026-08-28 15:47,2026-09-18 00:00,,No,859.05,2026-09-04 22:30:36
P00798,Corrugadora Nacional Cransa S.A.,PAOLA CALVACHE,Orden de compra,Pendiente recepción,[CAJ201] CAJA GOYA USA PULPA DE GUANABANA,2000.0,Units,0.301,602.0,2026-08-28 14:51,2026-10-22 00:00,,No,1384.6,2026-09-04 22:30:36
P00798,Corrugadora Nacional Cransa S.A.,PAOLA CALVACHE,Orden de compra,Pendiente recepción,[CAJ204] CAJA GOYA USA PULPA DE MANGO,2000.0,Units,0.301,602.0,2026-08-28 14:51,2026-10-22 00:00,,No,1384.6,2026-09-04 22:30:36
P00797,Corrugadora Nacional Cransa S.A.,PAOLA CALVACHE,Orden de compra,Pendiente recepción,[CAJ203] CAJA GOYA USA PULPA DE LULO,1000.0,Units,0.301,301.0,2026-08-28 14:49,2026-10-19 00:00,,No,346.15,2026-09-04 22:30:36
P00796,Corrugadora Nacional Cransa S.A.,PAOLA CALVACHE,Orden de compra,Pendiente recepción,"[CAJ100] CAJA MERICA 2,5 KG",8000.0,Units,0.262,2096.0,2026-08-28 14:48,2026-10-15 00:00,,No,3102.7,2026-09-04 22:30:36
P00796,Corrugadora Nacional Cransa S.A.,PAOLA CALVACHE,Orden de compra,Pendiente recepción,[CAJ201] CAJA GOYA USA PULPA DE GUANABANA,2000.0,Units,0.301,602.0,2026-08-28 14:48,2026-10-15 00:00,,No,3102.7,2026-09-04 22:30:36
P00795,Corrugadora Nacional Cransa S.A.,PAOLA CALVACHE,Orden de compra,Pendiente recepción,[CAJ107] CAJA MERICA MARACUYA CON PEPAS,1000.0,Units,0.293,293.0,2026-08-28 14:47,2026-10-08 00:00,,No,1375.4,2026-09-04 22:30:36
P00795,Corrugadora Nacional Cransa S.A.,PAOLA CALVACHE,Orden de compra,Pendiente recepción,[CAJ201] CAJA GOYA USA PULPA DE GUANABANA,3000.0,Units,0.301,903.0,2026-08-28 14:47,2026-10-08 00:00,,No,1375.4,2026-09-04 22:30:36
P00794,Corrugadora Nacional Cransa S.A.,PAOLA CALVACHE,Orden de compra,Pendiente recepción,[CAJ202] CAJA GOYA USA PULPA DE GUAYABA,2000.0,Units,0.301,602.0,2026-08-28 14:45,2026-10-01 00:00,,No,1384.6,2026-09-04 22:30:36
P00794,Corrugadora Nacional Cransa S.A.,PAOLA CALVACHE,Orden de compra,Pendiente recepción,[CAJ204] CAJA GOYA USA PULPA DE MANGO,2000.0,Units,0.301,602.0,2026-08-28 14:45,2026-10-01 00:00,,No,1384.6,2026-09-04 22:30:36
P00793,Corrugadora Nacional Cransa S.A.,PAOLA CALVACHE,Orden de compra,Pendiente recepción,[CAJ208] CAJA GOYA USA PULPA DE PIÑA,1000.0,Units,0.301,301.0,2026-08-28 14:44,2026-09-28 00:00,,No,346.15,2026-09-04 22:30:36
P00792,QUERIDO LISINTUÑA SONIA TERESA,PAOLA CALVACHE,Orden de compra,Recibida completa,[MP00016] MORA DE CASTILLA,305.0,kg,1.42,433.1,2026-08-28 14:42,2026-08-28 14:42,2026-08-28 15:24,,706.1,2026-09-04 22:30:36
P00792,QUERIDO LISINTUÑA SONIA TERESA,PAOLA CALVACHE,Orden de compra,Recibida completa,[MP00242] MORA CATEGORIA 1,182.0,kg,1.5,273.0,2026-08-28 14:42,2026-08-28 14:42,2026-08-28 15:24,,706.1,2026-09-04 22:30:36
P00791,LISINTUÑA AYALA EDISON JOEL,PAOLA CALVACHE,Orden de compra,Recibida completa,[MP00016] MORA DE CASTILLA,275.0,kg,1.42,390.5,2026-08-28 14:41,2026-08-28 14:41,2026-08-28 16:09,,390.5,2026-09-04 22:30:36
P00790,Ronquillo Cerda Braulio Mauricio,PAOLA CALVACHE,Orden de compra,Recibida completa,[MP00016] MORA DE CASTILLA,1292.0,kg,1.42,1834.64,2026-08-28 14:41,2026-08-28 14:41,2026-08-28 15:23,,2070.14,2026-09-04 22:30:36
P00790,Ronquillo Cerda Braulio Mauricio,PAOLA CALVACHE,Orden de compra,Recibida completa,[MP00242] MORA CATEGORIA 1,157.0,kg,1.5,235.5,2026-08-28 14:41,2026-08-28 14:41,2026-08-28 15:23,,2070.14,2026-09-04 22:30:36
P00788,DISTRIBUIDORA DESCALZI S.A.,PAOLA CALVACHE,Orden de compra,Recibida parcial,[MP00244] ESENCIA DE FRESA,1.799,kg,20.6,37.06,2026-08-28 14:36,2026-08-29 14:36,2026-08-31 14:08,Sí,42.62,2026-09-04 22:30:36
P00787,Corrugadora Nacional Cransa S.A.,PAOLA CALVACHE,Orden de compra,Pendiente recepción,[CAJ103] CAJA MERICA FRUTA ENTERA,1000.0,Units,0.41,410.0,2026-08-28 12:50,2026-09-24 00:00,,No,2881.9,2026-09-04 22:30:36
P00787,Corrugadora Nacional Cransa S.A.,PAOLA CALVACHE,Orden de compra,Pendiente recepción,"[CAJ100] CAJA MERICA 2,5 KG",8000.0,Units,0.262,2096.0,2026-08-28 12:50,2026-09-24 00:00,,No,2881.9,2026-09-04 22:30:36
P00786,Corrugadora Nacional Cransa S.A.,PAOLA CALVACHE,Orden de compra,Pendiente recepción,[CAJ202] CAJA GOYA USA PULPA DE GUAYABA,2000.0,Units,0.301,602.0,2026-08-28 12:49,2026-09-17 00:00,,No,692.3,2026-09-04 22:30:36
P00785,Corrugadora Nacional Cransa S.A.,PAOLA CALVACHE,Orden de compra,Pendiente recepción,[CAJ103] CAJA MERICA FRUTA ENTERA,1000.0,Units,0.41,410.0,2026-08-28 12:46,2026-09-10 00:00,,No,471.5,2026-09-04 22:30:36
P00784,TONICOMSA S.A.,PAOLA CALVACHE,Orden de compra,Recibida completa,[EPP007] BOTA DE CAUCHO BLANCA TALLA 41,2.0,Units,18.5,37.0,2026-08-28 12:13,2026-09-01 00:00,2026-09-03 08:37,,361.69,2026-09-04 22:30:36
P00784,TONICOMSA S.A.,PAOLA CALVACHE,Orden de compra,Recibida completa,[EPP006] BOTA DE CAUCHO BLANCA TALLA 40,4.0,Units,18.5,74.0,2026-08-28 12:13,2026-09-01 00:00,2026-09-03 08:37,,361.69,2026-09-04 22:30:36
P00784,TONICOMSA S.A.,PAOLA CALVACHE,Orden de compra,Recibida completa,[EPP005] BOTA DE CAUCHO BLANCA TALLA 39,3.0,Units,18.5,55.5,2026-08-28 12:13,2026-09-01 00:00,2026-09-03 08:37,,361.69,2026-09-04 22:30:36
P00784,TONICOMSA S.A.,PAOLA CALVACHE,Orden de compra,Recibida completa,[EPP004] BOTA DE CAUCHO BLANCA TALLA 38,2.0,Units,18.5,37.0,2026-08-28 12:13,2026-09-01 00:00,2026-09-03 08:37,,361.69,2026-09-04 22:30:36
P00784,TONICOMSA S.A.,PAOLA CALVACHE,Orden de compra,Recibida completa,[EPP003] BOTA DE CAUCHO BLANCA TALLA 37,3.0,Units,18.5,55.5,2026-08-28 12:13,2026-09-01 00:00,2026-09-03 08:37,,361.69,2026-09-04 22:30:36
P00784,TONICOMSA S.A.,PAOLA CALVACHE,Orden de compra,Recibida completa,[EPP002] BOTA DE CAUCHO BLANCA TALLA 36,2.0,Units,18.5,37.0,2026-08-28 12:13,2026-09-01 00:00,2026-09-03 08:37,,361.69,2026-09-04 22:30:36
P00784,TONICOMSA S.A.,PAOLA CALVACHE,Orden de compra,Recibida completa,[EPP001] BOTA DE CAUCHO BLANCA TALLA 35,1.0,Units,18.5,18.5,2026-08-28 12:13,2026-09-01 00:00,2026-09-03 08:37,,361.69,2026-09-04 22:30:36
P00783,Pica Plasticos Industriales C.A.,PAOLA CALVACHE,Orden de compra,Recibida parcial,[EGS001] BALDES 22 LITROS,300.0,Units,4.51,1353.0,2026-08-28 12:10,2026-08-26 12:10,2026-08-28 13:05,Sí,1555.95,2026-09-04 22:30:36
P00782,GUANABANA-BIG CIA.LTDA.,PAOLA CALVACHE,Orden de compra,Recibida completa,[MP00028] MOTA GUANABANA,6565.0,kg,1.4,9191.0,2026-08-28 11:50,2026-08-28 11:50,2026-08-28 14:09,,9191.0,2026-09-04 22:30:36
P00781,CHICAIZA CHULCO YOLANDA VERONICA,PAOLA CALVACHE,Orden de compra,Recibida completa,[MP00016] MORA DE CASTILLA,302.0,kg,1.42,428.84,2026-08-28 10:45,2026-08-27 10:45,2026-08-31 13:17,,428.84,2026-09-04 22:30:36
P00780,DIAZ LALANGUI PEDRO FRANCISCO,PAOLA CALVACHE,Orden de compra,Recibida completa,[MP00028] MOTA GUANABANA,754.0,kg,1.4,1055.6,2026-08-27 16:00,2026-08-27 16:00,2026-08-28 08:26,,1055.6,2026-09-04 22:30:36
P00779,AYALA ANTE JOSE MANUEL,PAOLA CALVACHE,Orden de compra,Recibida completa,[MP00235] MORA DESPITONADA,549.0,kg,1.35,741.15,2026-08-27 16:00,2026-08-27 16:00,2026-08-28 13:05,,741.15,2026-09-04 22:30:36
P00778,AYALA CUVIÑA KERLY NASHELI,PAOLA CALVACHE,Orden de compra,Recibida completa,[MP00036] MORA TIPO B,303.0,kg,1.1,333.3,2026-08-27 12:27,2026-08-27 12:27,2026-08-27 14:08,,333.3,2026-09-04 22:30:36
P00777,AYALA CUVIÑA KERLY NASHELI,PAOLA CALVACHE,Orden de compra,Recibida completa,[MP00235] MORA DESPITONADA,200.0,kg,1.35,270.0,2026-08-27 12:26,2026-08-27 12:26,2026-08-27 14:09,,270.0,2026-09-04 22:30:36
P00776,AGUILAR CHUGA CRISTOPHER ALEXANDER,PAOLA CALVACHE,Orden de compra,Recibida completa,[MP00003] GUAYABA,5394.0,kg,0.75,4045.5,2026-08-27 12:12,2026-08-27 12:12,2026-08-27 14:09,,4045.5,2026-09-04 22:30:36
P00775,LAGUAQUIZA SANGUCHO SERGIO PAUL,PAOLA CALVACHE,Orden de compra,Recibida completa,[MP00154] FRUTILLA DESPITONADA PARA TOPPING,500.0,kg,1.03,515.0,2026-08-27 12:12,2026-08-27 12:12,2026-08-27 14:09,,515.0,2026-09-04 22:30:36
P00774,CAISALITIN NAULA DARWIN PATRICIO,PAOLA CALVACHE,Orden de compra,Recibida completa,[MP00154] FRUTILLA DESPITONADA PARA TOPPING,1106.0,kg,1.0,1106.0,2026-08-27 12:11,2026-08-27 12:11,2026-08-27 14:09,,1106.0,2026-09-04 22:30:36
P00773,CAISALITIN NAULA DARWIN PATRICIO,PAOLA CALVACHE,Orden de compra,Recibida completa,[MQ00001] FRUTILLA MAQUILA IQF,844.0,kg,1.0,844.0,2026-08-27 11:56,2026-08-07 11:56,2026-08-28 12:27,,844.0,2026-09-04 22:30:36
P00771,HERNANDEZ FREIRE DIANA MARICELA,PAOLA CALVACHE,Orden de compra,Recibida completa,[MP00213] DURAZNO GRADO 8,293.0,kg,1.46,427.78,2026-08-26 15:46,2026-08-26 15:46,2026-08-27 09:09,,427.78,2026-09-04 22:30:36
P00770,GARCES ERAZO ESTEBAN ISRAEL,PAOLA CALVACHE,Orden de compra,Recibida completa,[MP00241] TOMATE DE ARBOL 4 CM,1284.0,kg,1.65,2118.6,2026-08-26 15:45,2026-08-26 15:45,2026-08-27 09:20,,2118.6,2026-09-04 22:30:36
P00769,ENRIQUEZ PEREZ LAURA ELINA,PAOLA CALVACHE,Orden de compra,Recibida completa,[MP00154] FRUTILLA DESPITONADA PARA TOPPING,911.0,kg,1.03,938.33,2026-08-26 15:30,2026-08-26 15:30,2026-08-27 09:12,,938.33,2026-09-04 22:30:36
P00768,GRUPO DYMAP SCC.,PAOLA CALVACHE,Orden de compra,Pendiente recepción,[PAL0003] PALLET EUROPEO DE MADERA 80X120 CM,46.0,Units,14.75,678.5,2026-08-26 09:38,2026-09-09 09:38,,No,780.28,2026-09-04 22:30:36
P00767,APRACOM S.A.,PAOLA CALVACHE,Orden de compra,Recibida completa,[INS014] JABON BC ALK CLOR,60.0,kg,1.85,111.0,2026-08-25 16:49,2026-09-01 16:49,2026-09-03 11:29,,341.55,2026-09-04 22:30:36
P00767,APRACOM S.A.,PAOLA CALVACHE,Orden de compra,Recibida completa,[INS013] JABON ALK 25,80.0,kg,1.85,148.0,2026-08-25 16:49,2026-09-01 16:49,2026-09-03 11:29,,341.55,2026-09-04 22:30:36
P00767,APRACOM S.A.,PAOLA CALVACHE,Orden de compra,Recibida completa,[INS007] CLORO 10%,40.0,kg,0.95,38.0,2026-08-25 16:49,2026-09-01 16:49,2026-09-03 11:29,,341.55,2026-09-04 22:30:36
P00766,MINFARMS S.A.S.,PAOLA CALVACHE,Orden de compra,Recibida completa,[MP00028] MOTA GUANABANA,103.0,kg,1.38,142.14,2026-08-25 16:03,2026-08-25 16:03,2026-08-26 09:01,,142.14,2026-09-04 22:30:36
P00765,CHIRIBOGA LOPEZ LUIS SANTIAGO,PAOLA CALVACHE,Orden de compra,Recibida completa,[MP00034] ARANDANO,795.0,kg,5.8,4611.0,2026-08-25 15:59,2026-08-25 15:59,2026-08-26 09:00,,4611.0,2026-09-04 22:30:36
P00764,CHAVEZ TORRES MARLENE LASTENIA,PAOLA CALVACHE,Orden de compra,Recibida completa,[MP00019] NARANJILLA,6003.0,kg,1.0,6003.0,2026-08-25 15:10,2026-08-25 15:10,2026-08-26 08:59,,6003.0,2026-09-04 22:30:36
P00763,CHAVEZ TORRES MARLENE LASTENIA,PAOLA CALVACHE,Orden de compra,Recibida completa,[MP00243] LULO ENTERO,722.0,kg,1.0,722.0,2026-08-25 15:09,2026-08-25 15:09,2026-08-26 08:58,,722.0,2026-09-04 22:30:36
P00762,JIMENEZ POZO OSCAR DAVID,PAOLA CALVACHE,Orden de compra,Recibida completa,[MP00036] MORA TIPO B,415.0,kg,1.1,456.5,2026-08-25 15:09,2026-08-25 15:09,2026-08-26 08:56,,456.5,2026-09-04 22:30:36
P00761,LLUGLLUNA CAIZA JOSE MIGUEL,PAOLA CALVACHE,Orden de compra,Recibida completa,[MP00007] FRUTILLA,967.0,kg,0.9,870.3,2026-08-25 15:07,2026-08-25 15:07,2026-08-26 09:51,,870.3,2026-09-04 22:30:36
P00760,GELARDO RUIZ CLARA,PAOLA CALVACHE,Orden de compra,Recibida completa,[MP00022] PIÑA,7098.0,kg,0.57,4045.86,2026-08-25 08:33,2026-08-21 08:33,2026-08-25 09:47,,4045.86,2026-09-04 22:30:36
P00759,GUANABANA-BIG CIA.LTDA.,PAOLA CALVACHE,Orden de compra,Recibida completa,[MP00028] MOTA GUANABANA,9090.0,kg,1.4,12726.0,2026-08-24 19:55,2026-08-24 19:55,2026-08-25 08:24,,12726.0,2026-09-04 22:30:36
P00758,NOGUERA GILER YOFFRE GEOVANNY,PAOLA CALVACHE,Orden de compra,Recibida completa,[MP00014] MARACUYA,9023.0,kg,0.66,5955.18,2026-08-24 19:53,2026-08-24 19:53,2026-08-25 08:23,,5955.18,2026-09-04 22:30:36
P00757,SILVA ARMIJOS JESSICA DANIELA,PAOLA CALVACHE,Orden de compra,Recibida completa,[MP00016] MORA DE CASTILLA,833.0,kg,1.42,1182.86,2026-08-21 21:13,2026-08-21 21:13,2026-08-25 09:46,,1329.86,2026-09-04 22:30:36
P00757,SILVA ARMIJOS JESSICA DANIELA,PAOLA CALVACHE,Orden de compra,Recibida completa,[MP00242] MORA CATEGORIA 1,98.0,kg,1.5,147.0,2026-08-21 21:13,2026-08-21 21:13,2026-08-25 09:46,,1329.86,2026-09-04 22:30:36
P00756,LISINTUÑA TIPAN CARMEN MARIA,PAOLA CALVACHE,Orden de compra,Recibida completa,[MP00016] MORA DE CASTILLA,1108.0,kg,1.42,1573.36,2026-08-21 21:12,2026-08-22 21:12,2026-08-25 09:45,,1718.86,2026-09-04 22:30:36
P00756,LISINTUÑA TIPAN CARMEN MARIA,PAOLA CALVACHE,Orden de compra,Recibida completa,[MP00242] MORA CATEGORIA 1,97.0,kg,1.5,145.5,2026-08-21 21:12,2026-08-21 21:12,2026-08-25 09:45,,1718.86,2026-09-04 22:30:36
P00755,LISINTUÑA AYALA EDISON JOEL,PAOLA CALVACHE,Orden de compra,Recibida completa,[MP00016] MORA DE CASTILLA,267.0,kg,1.42,379.14,2026-08-21 21:11,2026-08-21 21:11,2026-08-25 09:43,,379.14,2026-09-04 22:30:36
P00754,QUERIDO LISINTUÑA SONIA TERESA,PAOLA CALVACHE,Orden de compra,Recibida completa,[MP00242] MORA CATEGORIA 1,179.0,kg,1.5,268.5,2026-08-21 21:10,2026-08-21 21:10,2026-08-25 09:43,,1025.36,2026-09-04 22:30:36
P00754,QUERIDO LISINTUÑA SONIA TERESA,PAOLA CALVACHE,Orden de compra,Recibida completa,[MP00016] MORA DE CASTILLA,533.0,kg,1.42,756.86,2026-08-21 21:10,2026-08-21 21:10,2026-08-25 09:43,,1025.36,2026-09-04 22:30:36
P00753,Ronquillo Cerda Braulio Mauricio,PAOLA CALVACHE,Orden de compra,Recibida parcial,[MP00016] MORA DE CASTILLA,1265.0,kg,1.42,1796.3,2026-08-21 21:08,2026-08-21 21:08,2026-08-25 09:42,Sí,2019.8,2026-09-04 22:30:36
P00753,Ronquillo Cerda Braulio Mauricio,PAOLA CALVACHE,Orden de compra,Recibida parcial,[MP00242] MORA CATEGORIA 1,149.0,kg,1.5,223.5,2026-08-21 21:08,2026-08-21 21:08,2026-08-25 09:42,Sí,2019.8,2026-09-04 22:30:36
P00752,LLUGLLUNA CAIZA JOSE MIGUEL,PAOLA CALVACHE,Orden de compra,Recibida completa,[MP00007] FRUTILLA,590.0,kg,0.95,560.5,2026-08-21 07:50,2026-08-21 07:50,2026-08-21 09:17,,560.5,2026-09-04 22:30:36
P00751,CHIRIBOGA LOPEZ LUIS SANTIAGO,PAOLA CALVACHE,Orden de compra,Recibida completa,[MP00034] ARANDANO,510.0,kg,5.8,2958.0,2026-08-21 07:49,2026-08-20 15:49,2026-08-21 09:14,,2958.0,2026-09-04 22:30:36
P00750,AGUILAR CHUGA CRISTOPHER ALEXANDER,PAOLA CALVACHE,Orden de compra,Recibida completa,[MP00003] GUAYABA,4858.0,kg,0.75,3643.5,2026-08-20 10:48,2026-08-20 10:48,2026-08-21 09:13,,3643.5,2026-09-04 22:30:36
P00749,LLUGLLUNA CAIZA JOSE MIGUEL,PAOLA CALVACHE,Orden de compra,Recibida completa,[MP00007] FRUTILLA,1000.0,kg,0.9,900.0,2026-08-20 08:44,2026-08-20 08:44,2026-08-21 09:12,,900.0,2026-09-04 22:30:36
P00748,LAGUAQUIZA SANGUCHO SERGIO PAUL,PAOLA CALVACHE,Orden de compra,Recibida completa,[MP00007] FRUTILLA,405.0,kg,0.9,364.5,2026-08-20 08:43,2026-08-20 06:43,2026-08-21 09:10,,364.5,2026-09-04 22:30:36
P00747,CAISALITIN NAULA DARWIN PATRICIO,PAOLA CALVACHE,Orden de compra,Recibida completa,[MP00007] FRUTILLA,1020.0,kg,0.9,918.0,2026-08-20 08:42,2026-08-20 06:42,2026-08-21 09:09,,918.0,2026-09-04 22:30:36
P00746,DIAZ LALANGUI PEDRO FRANCISCO,PAOLA CALVACHE,Orden de compra,Recibida completa,[MP00028] MOTA GUANABANA,702.0,kg,1.4,982.8,2026-08-19 14:35,2026-08-19 14:35,2026-08-21 09:24,,982.8,2026-09-04 22:30:36
P00745,GARCES ERAZO ESTEBAN ISRAEL,PAOLA CALVACHE,Orden de compra,Recibida completa,[MP00012] TOMATE DE ARBOL,1057.0,kg,1.35,1426.95,2026-08-19 08:57,2026-08-19 08:57,2026-08-19 14:34,,1426.95,2026-09-04 22:30:36
P00744,GARCES ERAZO ESTEBAN ISRAEL,PAOLA CALVACHE,Orden de compra,Recibida completa,[MP00241] TOMATE DE ARBOL 4 CM,1291.0,kg,1.65,2130.15,2026-08-19 08:57,2026-08-19 08:57,2026-08-19 14:32,,2130.15,2026-09-04 22:30:36
P00743,MINFARMS S.A.S.,PAOLA CALVACHE,Orden de compra,Recibida completa,[MP00028] MOTA GUANABANA,83.0,kg,1.38,114.54,2026-08-19 08:56,2026-08-18 08:56,2026-08-19 10:45,,114.54,2026-09-04 22:30:36
P00742,CHAVEZ TORRES MARLENE LASTENIA,PAOLA CALVACHE,Orden de compra,Recibida completa,[MP00019] NARANJILLA,5135.0,kg,1.0,5135.0,2026-08-19 08:55,2026-08-18 08:55,2026-08-19 10:46,,5135.0,2026-09-04 22:30:36
P00741,CHAVEZ TORRES MARLENE LASTENIA,PAOLA CALVACHE,Orden de compra,Recibida completa,[MP00243] LULO ENTERO,714.0,kg,1.0,714.0,2026-08-18 12:27,2026-08-18 12:27,2026-08-19 09:26,,714.0,2026-09-04 22:30:36
P00740,JIMENEZ POZO OSCAR DAVID,PAOLA CALVACHE,Orden de compra,Recibida completa,[MP00036] MORA TIPO B,944.0,kg,1.1,1038.4,2026-08-18 12:27,2026-08-18 09:27,2026-08-19 09:25,,1038.4,2026-09-04 22:30:36
P00739,ENRIQUEZ PEREZ LAURA ELINA,PAOLA CALVACHE,Orden de compra,Recibida completa,[MP00154] FRUTILLA DESPITONADA PARA TOPPING,1007.0,kg,1.03,1037.21,2026-08-18 12:26,2026-08-18 07:26,2026-08-19 09:24,,1037.21,2026-09-04 22:30:36
P00738,LAGUAQUIZA SANGUCHO SERGIO PAUL,PAOLA CALVACHE,Orden de compra,Recibida completa,[MP00154] FRUTILLA DESPITONADA PARA TOPPING,225.0,kg,1.03,231.75,2026-08-18 12:25,2026-08-18 06:25,2026-08-19 09:22,,231.75,2026-09-04 22:30:36
P00737,QUICORNAC S.A.,PAOLA CALVACHE,Orden de compra,Recibida completa,[MP00039] PULPA MANGO ASEPTICO,7700.0,kg,0.9,6930.0,2026-08-17 17:06,2026-08-19 17:06,2026-08-26 11:20,,12758.2,2026-09-04 22:30:36
P00737,QUICORNAC S.A.,PAOLA CALVACHE,Orden de compra,Recibida completa,[MP00025] CONCENTRADO DE MANGO,1380.0,kg,1.4,1932.0,2026-08-17 17:06,2026-08-19 17:06,2026-08-26 11:20,,12758.2,2026-09-04 22:30:36
P00737,QUICORNAC S.A.,PAOLA CALVACHE,Orden de compra,Recibida completa,[MP00024] CONCENTRADO DE GUAYABA,1540.0,kg,2.2,3388.0,2026-08-17 17:06,2026-08-19 17:06,2026-08-26 11:20,,12758.2,2026-09-04 22:30:36
P00736,COMPANIA DE TRANSPORTE TYDCOSERVICES S.A.,PAOLA CALVACHE,Orden de compra,Recibida completa,[INS032] Diesel,1000.0,Units,4.0303,4030.3,2026-08-17 17:01,2026-08-18 17:01,2026-08-19 14:35,,4634.85,2026-09-04 22:30:36
P00735,FRIPA S.A.S.,PAOLA CALVACHE,Orden de compra,Recibida completa,[MP00028] MOTA GUANABANA,3001.0,kg,1.3,3901.3,2026-08-17 16:15,2026-08-17 16:15,2026-08-18 10:38,,3901.3,2026-09-04 22:30:36
P00734,GUANABANA-BIG CIA.LTDA.,PAOLA CALVACHE,Orden de compra,Recibida completa,[MP00028] MOTA GUANABANA,5042.0,kg,1.4,7058.8,2026-08-17 12:02,2026-08-17 12:02,2026-08-18 10:37,,7058.8,2026-09-04 22:30:36
P00733,NOGUERA GILER YOFFRE GEOVANNY,PAOLA CALVACHE,Orden de compra,Recibida completa,[MP00014] MARACUYA,7406.0,kg,0.64,4739.84,2026-08-17 11:59,2026-08-17 11:59,2026-08-18 10:35,,4739.84,2026-09-04 22:30:36
P00732,QUISHPE LISINTUÑA RICARDO SEBASTIAN,PAOLA CALVACHE,Orden de compra,Recibida completa,[MP00016] MORA DE CASTILLA,124.0,kg,1.42,176.08,2026-08-14 20:48,2026-08-14 20:48,2026-08-17 15:14,,176.08,2026-09-04 22:30:36
P00731,LISINTUÑA TIPAN CARMEN MARIA,PAOLA CALVACHE,Orden de compra,Recibida completa,[MP00242] MORA CATEGORIA 1,178.0,kg,1.5,267.0,2026-08-14 20:47,2026-08-14 20:47,2026-08-17 14:21,,267.0,2026-09-04 22:30:36
P00730,LISINTUÑA AYALA EDISON JOEL,PAOLA CALVACHE,Orden de compra,Recibida completa,[MP00242] MORA CATEGORIA 1,187.0,kg,1.5,280.5,2026-08-14 20:45,2026-08-14 20:45,2026-08-17 13:23,,1115.46,2026-09-04 22:30:36
P00730,LISINTUÑA AYALA EDISON JOEL,PAOLA CALVACHE,Orden de compra,Recibida completa,[MP00016] MORA DE CASTILLA,588.0,kg,1.42,834.96,2026-08-14 20:45,2026-08-14 20:45,2026-08-17 13:23,,1115.46,2026-09-04 22:30:36
P00729,Ronquillo Cerda Braulio Mauricio,PAOLA CALVACHE,Orden de compra,Recibida completa,[MP00242] MORA CATEGORIA 1,147.0,kg,1.5,220.5,2026-08-14 15:42,2026-08-14 15:42,2026-08-17 13:21,,2009.7,2026-09-04 22:30:36
P00729,Ronquillo Cerda Braulio Mauricio,PAOLA CALVACHE,Orden de compra,Recibida completa,[MP00016] MORA DE CASTILLA,1260.0,kg,1.42,1789.2,2026-08-14 15:42,2026-08-14 15:42,2026-08-17 13:21,,2009.7,2026-09-04 22:30:36
P00728,AGUILAR CHUGA CRISTOPHER ALEXANDER,PAOLA CALVACHE,Orden de compra,Recibida completa,[MP00003] GUAYABA,4000.0,kg,0.75,3000.0,2026-08-13 17:33,2026-08-13 17:33,2026-08-14 10:57,,3000.0,2026-09-04 22:30:36
P00727,COMERCIAL KYWI S.A.,PAOLA CALVACHE,Orden de compra,Recibida completa,[EPP015] BOTIN DE CUERO PUNTA DE COMPOSITE TALLA 39,2.0,Units,31.26,62.52,2026-08-13 15:19,2026-08-13 15:19,2026-08-17 10:46,,71.9,2026-09-04 22:30:36
P00726,AMCECUADOR CIA. LTDA.,PAOLA CALVACHE,Orden de compra,Recibida completa,[EPP021] GUANTE CAUCHO AMARILLO TALLA 8,48.0,Units,1.27,60.96,2026-08-13 15:16,2026-08-14 00:00,2026-08-17 11:05,,176.14,2026-09-04 22:30:36
P00726,AMCECUADOR CIA. LTDA.,PAOLA CALVACHE,Orden de compra,Recibida completa,[EPP022] GUANTE CAUCHO AMARILLO TALLA 9,48.0,Units,1.27,60.96,2026-08-13 15:16,2026-08-14 00:00,2026-08-17 11:05,,176.14,2026-09-04 22:30:36
P00726,AMCECUADOR CIA. LTDA.,PAOLA CALVACHE,Orden de compra,Recibida completa,[EPP035] GUANTE MASTER TERMICO L,5.0,Units,6.25,31.25,2026-08-13 15:16,2026-08-14 00:00,2026-08-17 11:05,,176.14,2026-09-04 22:30:36
P00725,LABMAREMI ECUADOR CIA.LTDA.,PAOLA CALVACHE,Orden de compra,Recibida completa,[EPP020] COFIA DESECHABLE,300.0,Units,0.048,14.4,2026-08-13 15:12,2026-07-23 00:00,2026-08-21 09:21,,28.41,2026-09-04 22:30:36
P00725,LABMAREMI ECUADOR CIA.LTDA.,PAOLA CALVACHE,Orden de compra,Recibida completa,[INS021] MASCARLLAS QUIRURGICA DESCARTABLE,5.0,Units,2.37,11.85,2026-08-13 15:12,2026-08-14 15:12,2026-08-21 09:21,,28.41,2026-09-04 22:30:36
P00724,GARCES ERAZO ESTEBAN ISRAEL,PAOLA CALVACHE,Orden de compra,Recibida completa,[MP00012] TOMATE DE ARBOL,3902.0,kg,1.35,5267.7,2026-08-12 11:59,2026-08-12 11:59,2026-08-13 09:31,,5267.7,2026-09-04 22:30:36
P00723,EUROTAPE S.A.,PAOLA CALVACHE,Orden de compra,Recibida completa,[CIN002] CINTA DE EMBALAJE TRANSP 48X100 YD,100.0,Units,1.16,116.0,2026-08-12 11:32,2026-08-13 11:32,2026-08-14 11:38,,235.04,2026-09-04 22:30:36
P00723,EUROTAPE S.A.,PAOLA CALVACHE,Orden de compra,Recibida completa,[CIN003] CINTA DE EMBALAJE TRANSP 48X1000 YD,6.0,Units,14.73,88.38,2026-08-12 11:32,2026-08-12 11:32,2026-08-14 11:38,,235.04,2026-09-04 22:30:36
P00722,GARCES ERAZO ESTEBAN ISRAEL,PAOLA CALVACHE,Orden de compra,Recibida completa,[MP00241] TOMATE DE ARBOL 4 CM,656.0,kg,1.65,1082.4,2026-08-12 09:48,2026-08-13 09:48,2026-08-13 09:29,,1082.4,2026-09-04 22:30:36
P00721,CHAVEZ TORRES MARLENE LASTENIA,PAOLA CALVACHE,Orden de compra,Recibida completa,[MP00019] NARANJILLA,6268.0,kg,1.0,6268.0,2026-08-11 22:47,2026-08-11 22:47,2026-08-12 09:17,,6268.0,2026-09-04 22:30:36
P00720,MINFARMS S.A.S.,PAOLA CALVACHE,Orden de compra,Recibida completa,[MP00028] MOTA GUANABANA,169.0,kg,1.38,233.22,2026-08-11 16:58,2026-08-11 16:58,2026-08-11 22:30,,233.22,2026-09-04 22:30:36
P00719,DISTRIBUIDORA DESCALZI S.A.,PAOLA CALVACHE,Orden de compra,Recibida completa,[CAL007] PLACA PTRFLM RAPID E. COLI-COLIFORME,200.0,Units,2.04,408.0,2026-08-11 14:20,2026-08-18 00:00,2026-08-18 14:09,,469.2,2026-09-04 22:30:36
P00718,CHAVEZ TORRES MARLENE LASTENIA,PAOLA CALVACHE,Orden de compra,Recibida completa,[MP00243] LULO ENTERO,713.0,kg,1.0,713.0,2026-08-11 14:03,2026-08-11 14:03,2026-08-11 22:30,,713.0,2026-09-04 22:30:36
P00717,CHIRIBOGA LOPEZ LUIS SANTIAGO,PAOLA CALVACHE,Orden de compra,Recibida completa,[MP00034] ARANDANO,514.0,kg,5.8,2981.2,2026-08-11 14:00,2026-08-11 14:00,2026-08-11 22:29,,2981.2,2026-09-04 22:30:36
P00716,PLASTIGOMEZ S.A.,PAOLA CALVACHE,Orden de compra,Recibida completa,[FUN005] FUNDA SIN IMPRESION 20 KG,5000.0,Units,0.26,1300.0,2026-08-11 12:31,2026-09-11 00:00,2026-08-26 09:47,,1495.0,2026-09-04 22:30:36
P00715,JIMENEZ POZO OSCAR DAVID,PAOLA CALVACHE,Orden de compra,Recibida completa,[MP00036] MORA TIPO B,948.0,kg,1.05,995.4,2026-08-11 12:18,2026-08-11 12:18,2026-08-11 22:29,,995.4,2026-09-04 22:30:36
P00714,LUCIO GARCIA FELIX ANCELMO,PAOLA CALVACHE,Orden de compra,Recibida completa,[MP00020] PAPAYA,454.0,kg,1.15,522.1,2026-08-11 12:17,2026-08-11 06:17,2026-08-11 22:29,,522.1,2026-09-04 22:30:36
P00713,NATIGOLD S.A.,PAOLA CALVACHE,Orden de compra,Recibida completa,[MP00230] POLVO DE CACAO ALCALINO,300.0,kg,7.5,2250.0,2026-08-11 10:54,2026-08-13 10:54,2026-08-17 13:09,,2587.5,2026-09-04 22:30:36
P00712,DIAZ LALANGUI PEDRO FRANCISCO,PAOLA CALVACHE,Orden de compra,Recibida completa,[MP00027] TAMARINDO,1800.0,kg,2.05,3690.0,2026-08-10 20:52,2026-08-10 20:52,2026-08-11 22:33,,3690.0,2026-09-04 22:30:36
P00711,NOGUERA GILER YOFFRE GEOVANNY,PAOLA CALVACHE,Orden de compra,Recibida completa,[MP00014] MARACUYA,7511.0,kg,0.64,4807.04,2026-08-10 20:51,2026-08-10 20:51,2026-08-11 10:35,,4807.04,2026-09-04 22:30:36
P00710,LISINTUÑA AYALA EDISON JOEL,PAOLA CALVACHE,Orden de compra,Recibida completa,[MP00016] MORA DE CASTILLA,305.0,kg,1.42,433.1,2026-08-07 20:44,2026-08-07 20:44,2026-08-09 19:50,,433.1,2026-09-04 22:30:36
P00709,QUERIDO LISINTUÑA SONIA TERESA,PAOLA CALVACHE,Orden de compra,Recibida completa,[MP00242] MORA CATEGORIA 1,279.0,kg,1.5,418.5,2026-08-07 20:42,2026-08-07 20:42,2026-08-10 09:43,,1230.74,2026-09-04 22:30:36
P00709,QUERIDO LISINTUÑA SONIA TERESA,PAOLA CALVACHE,Orden de compra,Recibida completa,[MP00016] MORA DE CASTILLA,572.0,kg,1.42,812.24,2026-08-07 20:42,2026-08-07 20:42,2026-08-10 09:43,,1230.74,2026-09-04 22:30:36
P00708,QUISHPE LISINTUÑA RICARDO SEBASTIAN,PAOLA CALVACHE,Orden de compra,Recibida completa,[MP00016] MORA DE CASTILLA,335.0,kg,1.42,475.7,2026-08-07 20:42,2026-08-07 20:42,2026-08-09 19:49,,475.7,2026-09-04 22:30:36
P00707,LISINTUÑA TIPAN CARMEN MARIA,PAOLA CALVACHE,Orden de compra,Recibida completa,[MP00016] MORA DE CASTILLA,909.0,kg,1.42,1290.78,2026-08-07 20:40,2026-08-08 20:40,2026-08-10 09:44,,1290.78,2026-09-04 22:30:36
P00706,SILVA ARMIJOS JESSICA DANIELA,PAOLA CALVACHE,Orden de compra,Recibida completa,[MP00016] MORA DE CASTILLA,1125.0,kg,1.42,1597.5,2026-08-07 20:40,2026-08-07 20:40,2026-08-09 19:49,,1597.5,2026-09-04 22:30:36
P00705,Ronquillo Cerda Braulio Mauricio,PAOLA CALVACHE,Orden de compra,Recibida completa,[MP00016] MORA DE CASTILLA,1605.0,kg,1.42,2279.1,2026-08-07 20:39,2026-08-07 20:39,2026-08-09 19:49,,2279.1,2026-09-04 22:30:36
P00704,APRACOM S.A.,PAOLA CALVACHE,Orden de compra,Pendiente recepción,[INS013] JABON ALK 25,60.0,kg,1.85,111.0,2026-08-07 15:42,2026-09-15 00:00,,No,212.75,2026-09-04 22:30:36
P00704,APRACOM S.A.,PAOLA CALVACHE,Orden de compra,Pendiente recepción,[INS014] JABON BC ALK CLOR,40.0,kg,1.85,74.0,2026-08-07 15:42,2026-09-15 00:00,,No,212.75,2026-09-04 22:30:36
P00703,Corrugadora Nacional Cransa S.A.,PAOLA CALVACHE,Orden de compra,Pendiente recepción,[CAJ003] CAJA MASTER HF X 15 KG,540.0,Units,0.95,513.0,2026-08-07 15:42,2026-09-08 00:00,,No,589.95,2026-09-04 22:30:36
P00702,SMART CHEMISTRY SMACH S.A.,PAOLA CALVACHE,Orden de compra,Recibida completa,[INS001] ACIDO PERACETICO 15%,92.0,kg,5.92,544.64,2026-08-07 15:41,2026-09-01 00:00,2026-09-03 08:34,,626.34,2026-09-04 22:30:36
P00701,DISTRIBUIDORA DESCALZI S.A.,PAOLA CALVACHE,Orden de compra,Recibida parcial,[MP00237] COLORANTE COLOR RED FRAGARIA LIQUIDO,10.0,kg,149.0,1490.0,2026-08-07 15:39,2026-09-01 00:00,2026-08-27 11:48,Sí,1950.4,2026-09-04 22:30:36
P00701,DISTRIBUIDORA DESCALZI S.A.,PAOLA CALVACHE,Orden de compra,Recibida parcial,[MP00244] ESENCIA DE FRESA,10.0,kg,20.6,206.0,2026-08-07 15:39,2026-09-01 00:00,2026-08-27 11:48,Sí,1950.4,2026-09-04 22:30:36
P00700,CHEMLOK DEL ECUADOR S.A.,PAOLA CALVACHE,Orden de compra,Recibida completa,[INS015] JABON BX,80.0,kg,2.7,216.0,2026-08-07 15:38,2026-09-01 00:00,2026-09-03 08:35,,248.4,2026-09-04 22:30:36
P00699,APRACOM S.A.,PAOLA CALVACHE,Orden de compra,Recibida completa,[INS014] JABON BC ALK CLOR,60.0,kg,1.85,111.0,2026-08-07 15:36,2026-08-25 00:00,2026-08-26 15:17,,297.85,2026-09-04 22:30:36
P00699,APRACOM S.A.,PAOLA CALVACHE,Orden de compra,Recibida completa,[INS013] JABON ALK 25,80.0,kg,1.85,148.0,2026-08-07 15:36,2026-08-25 00:00,2026-08-26 15:17,,297.85,2026-09-04 22:30:36
P00698,ALITECNO COMERCIO DE INSUMOS PARA LA INDUSTRIA DE ALIMENTOS,PAOLA CALVACHE,Orden de compra,Recibida completa,[CAL001] FUNDA CONTRAMUESTRA DE LABORATORIO,2000.0,Units,0.024,48.0,2026-08-07 15:35,2026-08-14 00:00,2026-08-19 12:08,,236.9,2026-09-04 22:30:36
P00698,ALITECNO COMERCIO DE INSUMOS PARA LA INDUSTRIA DE ALIMENTOS,PAOLA CALVACHE,Orden de compra,Recibida completa,[FUN007] FUNDA TRANSPARENTE S/V 1 KG,2000.0,Units,0.079,158.0,2026-08-07 15:35,2026-08-14 00:00,2026-08-19 12:08,,236.9,2026-09-04 22:30:36
P00697,Corrugadora Nacional Cransa S.A.,PAOLA CALVACHE,Orden de compra,Recibida completa,[CAJ001] CAJA MASTER HF X 10 KG,540.0,Units,0.475,256.5,2026-08-07 15:34,2026-08-26 00:00,2026-08-28 12:44,,648.68,2026-09-04 22:30:36
P00697,Corrugadora Nacional Cransa S.A.,PAOLA CALVACHE,Orden de compra,Recibida completa,[EMB100] PERFIL DE EMBALAJE,540.0,Units,0.655,353.7,2026-08-07 15:34,2026-08-26 00:00,2026-08-28 12:44,,648.68,2026-09-04 22:30:36
P00696,CORPORACION CODAN CIA LTDA,PAOLA CALVACHE,Orden de compra,Recibida completa,[MP00172] POLIDEXTROSA,25.0,kg,3.9,97.5,2026-08-07 15:33,2026-08-11 00:00,2026-08-24 15:28,,112.13,2026-09-04 22:30:36
P00695,SECADO Y TRATADO DE MADERA SETRAMAD CIA. LTDA.,PAOLA CALVACHE,Orden de compra,Recibida completa,[PAL0001] PALLET RECICLADO DE MADERA ESTANDAR 100X120 CM,40.0,Units,6.5,260.0,2026-08-07 15:32,2026-08-24 00:00,2026-08-28 15:57,,299.0,2026-09-04 22:30:36
P00694,ETIQUETAS-FIR CIA.LTDA.,PAOLA CALVACHE,Orden de compra,Recibida completa,"[ETI004] ETIQUETA ADHESIVA BLANCA TROQUELADA 10,1X6,4 CM",15000.0,Units,0.01,150.11,2026-08-07 15:30,2026-08-08 15:30,2026-08-27 11:53,,172.63,2026-09-04 22:30:36
P00693,ZURITA AGUILAR JESSICA TATIANA,PAOLA CALVACHE,Orden de compra,Recibida completa,[INS023] PAPEL CAFE WYPALL 300 M,20.0,Units,6.15,123.0,2026-08-07 15:29,2026-08-21 00:00,2026-08-21 08:47,,141.45,2026-09-04 22:30:36
P00692,MOVERPRINT CIA. LTDA.,PAOLA CALVACHE,Orden de compra,Recibida completa,[ETI002] ETIQUETA ADHESIVA BLANCA 3X8 CM,40000.0,Units,0.0075,300.0,2026-08-07 15:25,2026-08-21 00:00,2026-08-21 09:15,,676.78,2026-09-04 22:30:36
P00692,MOVERPRINT CIA. LTDA.,PAOLA CALVACHE,Orden de compra,Recibida completa,[INS026] RIBBON DE RESINA 450 M,10.0,Units,28.85,288.5,2026-08-07 15:25,2026-08-21 00:00,2026-08-21 09:15,,676.78,2026-09-04 22:30:36
P00691,DON GATO SUPERMERCADO MAYORISTA S.A.,PAOLA CALVACHE,Orden de compra,Recibida completa,[MP00051] AZUCAR,2500.0,kg,0.7236,1809.0,2026-08-07 15:24,2026-08-18 00:00,2026-08-13 10:09,,1809.0,2026-09-04 22:30:36
P00690,SMART CHEMISTRY SMACH S.A.,PAOLA CALVACHE,Orden de compra,Recibida completa,[INS001] ACIDO PERACETICO 15%,69.0,kg,5.92,408.48,2026-08-07 15:22,2026-08-18 00:00,2026-08-23 21:29,,469.75,2026-09-04 22:30:36
P00689,QUIMERCO S.A.S,PAOLA CALVACHE,Orden de compra,Recibida completa,[MP00206] ALMIDON KOL GUARDO NG,181.44,kg,3.2,580.61,2026-08-07 15:21,2026-08-17 00:00,2026-08-18 14:04,,1398.0,2026-09-04 22:30:36
P00689,QUIMERCO S.A.S,PAOLA CALVACHE,Orden de compra,Recibida completa,[MP00120] FRUCTOSA,181.44,kg,3.5,635.04,2026-08-07 15:21,2026-08-17 00:00,2026-08-18 14:04,,1398.0,2026-09-04 22:30:36
P00688,ALITECNO COMERCIO DE INSUMOS PARA LA INDUSTRIA DE ALIMENTOS,PAOLA CALVACHE,Orden de compra,Recibida completa,[FUN002] FUNDA METALIZADA C/VALVULA 1 KG,4000.0,Units,0.24,960.0,2026-08-07 15:18,2026-08-17 00:00,2026-08-17 12:46,,1104.0,2026-09-04 22:30:36
P00687,LIRA LABORATORIOS REPRESENTACIONES Y AGENCIAS S.A.,PAOLA CALVACHE,Orden de compra,Recibida completa,[INS005] ALCOHOL POTABLE 90%,12.0,Units,4.58,54.96,2026-08-07 15:16,2026-08-14 00:00,2026-08-18 14:00,,54.96,2026-09-04 22:30:36
P00686,COMERCIO EXTERIOR CECOMEX S.A.,PAOLA CALVACHE,Orden de compra,Recibida completa,[INS003] AIRBAG FUNDA PLASTICA 90X180 CM,80.0,Units,8.9,712.0,2026-08-07 15:14,2026-08-14 00:00,2026-08-17 12:49,,818.8,2026-09-04 22:30:36
P00685,LABMAREMI ECUADOR CIA.LTDA.,PAOLA CALVACHE,Orden de compra,Recibida completa,[INS030] GUANTE DESECHABLE TALLA L,20.0,Units,4.4,88.0,2026-08-07 15:07,2026-08-17 00:00,2026-08-21 08:46,,727.61,2026-09-04 22:30:36
P00685,LABMAREMI ECUADOR CIA.LTDA.,PAOLA CALVACHE,Orden de compra,Recibida completa,[INS029] GUANTE DESECHABLE TALLA M,20.0,Units,4.4,88.0,2026-08-07 15:07,2026-08-17 00:00,2026-08-21 08:46,,727.61,2026-09-04 22:30:36
P00685,LABMAREMI ECUADOR CIA.LTDA.,PAOLA CALVACHE,Orden de compra,Recibida completa,[INS024] PAPEL HIGIENICO INDUSTRIAL,20.0,Units,1.81,36.2,2026-08-07 15:07,2026-08-17 00:00,2026-08-21 08:46,,727.61,2026-09-04 22:30:36
P00685,LABMAREMI ECUADOR CIA.LTDA.,PAOLA CALVACHE,Orden de compra,Recibida completa,[INS009] FUNDA DE BASURA GRANDE 35X47 CM,50.0,Units,1.75,87.5,2026-08-07 15:07,2026-08-17 00:00,2026-08-21 08:46,,727.61,2026-09-04 22:30:36
P00685,LABMAREMI ECUADOR CIA.LTDA.,PAOLA CALVACHE,Orden de compra,Recibida completa,[INS027] ROLLO DE VILEDA,20.0,Units,10.71,214.2,2026-08-07 15:07,2026-08-17 00:00,2026-08-21 08:46,,727.61,2026-09-04 22:30:36
P00685,LABMAREMI ECUADOR CIA.LTDA.,PAOLA CALVACHE,Orden de compra,Recibida completa,[INS018] KLEENEX SUPREME TOALLA DE MANO DOBLADA EN Z,54.0,Units,2.2,118.8,2026-08-07 15:07,2026-08-17 00:00,2026-08-21 08:46,,727.61,2026-09-04 22:30:36
P00684,Compania Nacional de Plasticos Conaplas S.A.,PAOLA CALVACHE,Orden de compra,Recibida completa,[CIN003] CINTA DE EMBALAJE TRANSP 48X1000 YD,36.0,Units,6.8,244.8,2026-08-07 15:04,2026-08-12 00:00,2026-08-14 11:38,,1164.72,2026-09-04 22:30:36
P00684,Compania Nacional de Plasticos Conaplas S.A.,PAOLA CALVACHE,Orden de compra,Recibida completa,[CIN004] CINTA STRECH 50 CM,120.0,Units,6.4,768.0,2026-08-07 15:04,2026-08-12 00:00,2026-08-14 11:38,,1164.72,2026-09-04 22:30:36
P00683,GRUPO DYMAP SCC.,PAOLA CALVACHE,Orden de compra,Pendiente recepción,[PAL0002] PALLET ESTANDAR DE MADERA 100X120 CM,60.0,Units,12.45,747.0,2026-08-07 15:02,2026-09-02 00:00,,Sí,1249.19,2026-09-04 22:30:36
P00683,GRUPO DYMAP SCC.,PAOLA CALVACHE,Orden de compra,Pendiente recepción,[PAL0003] PALLET EUROPEO DE MADERA 80X120 CM,23.0,Units,14.75,339.25,2026-08-07 15:02,2026-09-02 00:00,,Sí,1249.19,2026-09-04 22:30:36
P00682,TOP TRADING TOPTRA CIA. LTDA.,PAOLA CALVACHE,Orden de compra,Recibida completa,[MP00167] ACESULFAME K,25.0,kg,15.5,387.5,2026-08-07 14:50,2026-08-20 00:00,2026-08-21 08:59,,1325.39,2026-09-04 22:30:36
P00682,TOP TRADING TOPTRA CIA. LTDA.,PAOLA CALVACHE,Orden de compra,Recibida completa,[MP00070] BENZOATO DE SODIO,50.0,kg,2.52,126.0,2026-08-07 14:50,2026-08-20 00:00,2026-08-21 08:59,,1325.39,2026-09-04 22:30:36
P00682,TOP TRADING TOPTRA CIA. LTDA.,PAOLA CALVACHE,Orden de compra,Recibida completa,[MP00126] SORBATO DE POTASIO,50.0,kg,6.97,348.5,2026-08-07 14:50,2026-08-20 00:00,2026-08-21 08:59,,1325.39,2026-09-04 22:30:36
P00682,TOP TRADING TOPTRA CIA. LTDA.,PAOLA CALVACHE,Orden de compra,Recibida completa,[MP00056] ACIDO ASCORBICO,50.0,kg,5.81,290.5,2026-08-07 14:50,2026-08-20 00:00,2026-08-21 08:59,,1325.39,2026-09-04 22:30:36
P00681,APRACOM S.A.,PAOLA CALVACHE,Orden de compra,Recibida completa,[INS013] JABON ALK 25,80.0,kg,1.85,148.0,2026-08-07 13:06,2026-08-11 00:00,2026-08-13 10:04,,212.75,2026-09-04 22:30:36
P00681,APRACOM S.A.,PAOLA CALVACHE,Orden de compra,Recibida completa,[INS014] JABON BC ALK CLOR,20.0,kg,1.85,37.0,2026-08-07 13:06,2026-08-11 00:00,2026-08-13 10:04,,212.75,2026-09-04 22:30:36
P00680,GRUPO DYMAP SCC.,PAOLA CALVACHE,Orden de compra,Recibida completa,[PAL0003] PALLET EUROPEO DE MADERA 80X120 CM,23.0,Units,14.75,339.25,2026-08-07 12:58,2026-08-20 12:58,2026-08-21 09:23,,390.14,2026-09-04 22:30:36
P00679,CAISALITIN NAULA DARWIN PATRICIO,PAOLA CALVACHE,Orden de compra,Recibida completa,[MQ00001] FRUTILLA MAQUILA IQF,1094.0,kg,1.0,1094.0,2026-08-07 12:45,2026-08-06 12:45,2026-08-09 19:47,,1094.0,2026-09-04 22:30:36
P00678,GELARDO RUIZ CLARA,PAOLA CALVACHE,Orden de compra,Recibida completa,[MP00022] PIÑA,9730.0,kg,0.57,5546.1,2026-08-07 12:42,2026-08-08 12:42,2026-08-10 09:44,,5546.1,2026-09-04 22:30:36
P00676,LLUGLLUNA CAIZA JOSE MIGUEL,PAOLA CALVACHE,Orden de compra,Recibida completa,[MP00007] FRUTILLA,1302.0,kg,0.9,1171.8,2026-08-07 12:32,2026-08-07 12:32,2026-08-09 19:48,,1171.8,2026-09-04 22:30:36
P00675,ENRIQUEZ PEREZ LAURA ELINA,PAOLA CALVACHE,Orden de compra,Recibida completa,[MP00154] FRUTILLA DESPITONADA PARA TOPPING,1301.0,kg,1.03,1340.03,2026-08-07 12:31,2026-08-07 12:31,2026-08-10 09:43,,1340.03,2026-09-04 22:30:36
P00674,Pica Plasticos Industriales C.A.,PAOLA CALVACHE,Orden de compra,Recibida completa,[EGS001] BALDES 22 LITROS,300.0,Units,4.51,1353.0,2026-08-05 09:21,2026-08-05 09:21,2026-08-09 19:36,,1555.95,2026-09-04 22:30:36
P00673,MILANPLASTIC S A,PAOLA CALVACHE,Orden de compra,Recibida completa,[ROL201] ROLLO FUNDA GOYA USA PULPA DE  GUANABANA 12X14 OZ,290.9,kg,6.2,1803.58,2026-08-06 12:20,2026-08-03 12:20,2026-08-09 19:45,,2074.12,2026-09-04 22:30:36
P00672,AYALA ANTE JOSE MANUEL,PAOLA CALVACHE,Orden de compra,Recibida completa,[MP00036] MORA TIPO B,924.0,kg,1.05,970.2,2026-08-06 12:17,2026-08-06 10:17,2026-08-09 19:47,,970.2,2026-09-04 22:30:36
P00671,AGUILAR CHUGA CRISTOPHER ALEXANDER,PAOLA CALVACHE,Orden de compra,Recibida completa,[MP00003] GUAYABA,4270.0,kg,0.75,3202.5,2026-08-06 12:16,2026-08-06 07:16,2026-08-07 09:54,,3202.5,2026-09-04 22:30:36
P00670,LAGUAQUIZA SANGUCHO SERGIO PAUL,PAOLA CALVACHE,Orden de compra,Recibida completa,[MQ00001] FRUTILLA MAQUILA IQF,724.0,kg,1.03,745.72,2026-08-05 17:15,2026-08-06 17:15,2026-08-09 19:45,,745.72,2026-09-04 22:30:36
P00669,CAISALITIN NAULA DARWIN PATRICIO,PAOLA CALVACHE,Bloqueada,Recibida completa,[MP00221] FRUTILLA DESPITONADA PARA PICAR,1100.0,kg,1.0,1100.0,2026-08-05 17:09,2026-08-05 17:09,2026-08-06 09:40,,1100.0,2026-09-04 22:30:36
P00668,TITADSU,PAOLA CALVACHE,Orden de compra,Recibida completa,[INS017] KIT DE SEGURIDAD PARA CONTENEDORES,20.0,Units,4.66,93.2,2026-08-05 14:53,2026-08-07 00:00,2026-08-11 12:10,,107.18,2026-09-04 22:30:36
P00667,"PURIFLUIDOS, PURIFICACION Y ANALISIS DE FLUIDOS S.A.S.",PAOLA CALVACHE,Orden de compra,Recibida completa,[CAL014] 4.0 BUFFER SOLUCION,1.0,Units,21.18,21.18,2026-08-05 12:35,2026-08-06 00:00,2026-08-14 10:41,,24.36,2026-09-04 22:30:36
P00666,HERNANDEZ FREIRE DIANA MARICELA,PAOLA CALVACHE,Orden de compra,Recibida completa,[MP00213] DURAZNO GRADO 8,284.0,kg,1.43,406.12,2026-08-05 12:01,2026-08-05 12:01,2026-08-05 22:40,,406.12,2026-09-04 22:30:36
P00665,LLUGLLUNA CAIZA JOSE MIGUEL,PAOLA CALVACHE,Orden de compra,Recibida completa,[MP00221] FRUTILLA DESPITONADA PARA PICAR,810.0,kg,1.04,842.4,2026-08-05 12:00,2026-08-05 12:00,2026-08-05 22:39,,842.4,2026-09-04 22:30:36
P00664,CAISALITIN NAULA DARWIN PATRICIO,PAOLA CALVACHE,Orden de compra,Recibida completa,[MP00221] FRUTILLA DESPITONADA PARA PICAR,1086.0,kg,1.0,1086.0,2026-08-05 11:59,2026-08-05 11:59,2026-08-05 22:39,,1086.0,2026-09-04 22:30:36
P00663,CHAVEZ TORRES MARLENE LASTENIA,PAOLA CALVACHE,Orden de compra,Recibida completa,[MP00019] NARANJILLA,4204.0,kg,1.0,4204.0,2026-08-04 16:21,2026-08-04 16:21,2026-08-05 11:02,,4204.0,2026-09-04 22:30:36
P00662,CHAVEZ TORRES MARLENE LASTENIA,PAOLA CALVACHE,Orden de compra,Recibida completa,[MP00243] LULO ENTERO,748.0,kg,1.0,748.0,2026-08-04 16:20,2026-08-04 16:20,2026-08-05 11:02,,748.0,2026-09-04 22:30:36
P00661,ALMEIDA AGUIRRE MARITZA RAQUEL,PAOLA CALVACHE,Orden de compra,Recibida completa,[CAL003] DATA LOGGER DESECHABLE,20.0,Units,20.0,400.0,2026-08-04 12:24,2026-08-06 00:00,2026-08-09 19:46,,460.0,2026-09-04 22:30:36
P00660,JIMENEZ POZO OSCAR DAVID,PAOLA CALVACHE,Orden de compra,Recibida completa,[MP00036] MORA TIPO B,914.0,kg,1.05,959.7,2026-08-04 12:13,2026-08-04 12:13,2026-08-07 11:09,,959.7,2026-09-04 22:30:36
P00659,LLUGLLUNA CAIZA JOSE MIGUEL,PAOLA CALVACHE,Orden de compra,Recibida completa,[MP00154] FRUTILLA DESPITONADA PARA TOPPING,805.0,kg,1.04,837.2,2026-08-04 12:12,2026-08-04 12:12,2026-08-05 09:49,,837.2,2026-09-04 22:30:36
P00658,ENRIQUEZ PEREZ LAURA ELINA,PAOLA CALVACHE,Orden de compra,Recibida completa,[MP00154] FRUTILLA DESPITONADA PARA TOPPING,1005.0,kg,1.03,1035.15,2026-08-04 12:10,2026-08-04 12:10,2026-08-05 09:52,,1035.15,2026-09-04 22:30:36
P00657,DISTRIBUIDORA DESCALZI S.A.,PAOLA CALVACHE,Orden de compra,Recibida completa,[CAL004] HISOPO QUICK TRACE 1 ML,25.0,Units,1.8,45.0,2026-08-04 10:41,2026-08-06 00:00,2026-08-17 11:14,,876.3,2026-09-04 22:30:36
P00657,DISTRIBUIDORA DESCALZI S.A.,PAOLA CALVACHE,Orden de compra,Recibida completa,[CAL007] PLACA PTRFLM RAPID E. COLI-COLIFORME,100.0,Units,2.04,204.0,2026-08-04 10:41,2026-08-06 00:00,2026-08-17 11:14,,876.3,2026-09-04 22:30:36
P00657,DISTRIBUIDORA DESCALZI S.A.,PAOLA CALVACHE,Orden de compra,Recibida completa,[CAL009] PLACA PTRFLM AEROBIOS,150.0,Units,1.02,153.0,2026-08-04 10:41,2026-08-06 00:00,2026-08-17 11:14,,876.3,2026-09-04 22:30:36
P00657,DISTRIBUIDORA DESCALZI S.A.,PAOLA CALVACHE,Orden de compra,Recibida completa,[CAL010] HISOPO CLEAN TRACE SUPERFICIE UXL100,150.0,Units,2.4,360.0,2026-08-04 10:41,2026-08-06 00:00,2026-08-17 11:14,,876.3,2026-09-04 22:30:36
P00656,NOGUERA GILER YOFFRE GEOVANNY,PAOLA CALVACHE,Orden de compra,Recibida completa,[MP00014] MARACUYA,6736.0,kg,0.61,4108.96,2026-08-03 20:10,2026-08-03 20:10,2026-08-04 10:42,,4108.96,2026-09-04 22:30:36
P00655,LLUGLLUNA CAIZA JOSE MIGUEL,PAOLA CALVACHE,Orden de compra,Recibida completa,[MP00221] FRUTILLA DESPITONADA PARA PICAR,1304.0,kg,1.04,1356.16,2026-08-03 20:07,2026-08-03 06:07,2026-08-04 10:40,,1356.16,2026-09-04 22:30:36
P00654,COMPANIA DE TRANSPORTE TYDCOSERVICES S.A.,PAOLA CALVACHE,Orden de compra,Recibida completa,[INS032] Diesel,1000.0,Units,3.7424,3742.42,2026-08-01 12:52,2026-08-04 12:52,2026-08-05 11:01,,4303.78,2026-09-04 22:30:36
P00653,QUISHPE LISINTUÑA RICARDO SEBASTIAN,PAOLA CALVACHE,Orden de compra,Recibida completa,[MP00016] MORA DE CASTILLA,507.0,kg,1.42,719.94,2026-07-31 20:06,2026-08-01 20:06,2026-08-05 10:59,,719.94,2026-09-04 22:30:36
P00652,QUICORNAC S.A.,PAOLA CALVACHE,Orden de compra,Recibida completa,[MP00039] PULPA MANGO ASEPTICO,7040.0,kg,0.9,6336.0,2026-07-30 22:13,2026-08-03 22:13,2026-08-05 22:38,,7286.4,2026-09-04 22:30:36
P00651,LISINTUÑA AYALA EDISON JOEL,PAOLA CALVACHE,Orden de compra,Recibida completa,[MP00016] MORA DE CASTILLA,600.0,kg,1.42,852.0,2026-07-30 22:13,2026-07-31 16:13,2026-07-31 21:56,,852.0,2026-09-04 22:30:36
P00650,QUERIDO LISINTUÑA SONIA TERESA,PAOLA CALVACHE,Orden de compra,Recibida completa,[MP00016] MORA DE CASTILLA,600.0,kg,1.42,852.0,2026-07-30 22:12,2026-07-31 16:12,2026-07-31 21:56,,852.0,2026-09-04 22:30:36
P00649,SILVA ARMIJOS JESSICA DANIELA,PAOLA CALVACHE,Orden de compra,Recibida completa,[MP00016] MORA DE CASTILLA,800.0,kg,1.42,1136.0,2026-07-30 22:12,2026-08-01 14:12,2026-08-05 10:58,,1136.0,2026-09-04 22:30:36
P00647,Ronquillo Cerda Braulio Mauricio,PAOLA CALVACHE,Orden de compra,Recibida completa,[MP00016] MORA DE CASTILLA,1600.0,kg,1.42,2272.0,2026-07-30 22:10,2026-07-31 13:10,2026-07-31 22:40,,2272.0,2026-09-04 22:30:36
P00646,GALLARDO PORTILLA EDWIN GEOVANNY,PAOLA CALVACHE,Orden de compra,Recibida completa,[MP00212] NARANJILLA DE JUGO,600.0,kg,1.0,600.0,2026-07-30 22:10,2026-07-31 08:10,2026-07-31 17:25,,600.0,2026-09-04 22:30:36
P00645,LLUGLLUNA CAIZA JOSE MIGUEL,PAOLA CALVACHE,Orden de compra,Recibida completa,[MP00154] FRUTILLA DESPITONADA PARA TOPPING,600.0,kg,1.04,624.0,2026-07-30 22:09,2026-07-31 07:09,2026-07-31 17:24,,624.0,2026-09-04 22:30:36
P00644,CAISALITIN NAULA DARWIN PATRICIO,PAOLA CALVACHE,Orden de compra,Recibida completa,[MP00154] FRUTILLA DESPITONADA PARA TOPPING,700.0,kg,1.0,700.0,2026-07-30 22:09,2026-07-31 06:09,2026-07-31 17:23,,700.0,2026-09-04 22:30:36
P00643,DIAZ LALANGUI PEDRO FRANCISCO,PAOLA CALVACHE,Orden de compra,Recibida completa,[MP00027] TAMARINDO,729.0,kg,2.05,1494.45,2026-07-30 21:25,2026-07-30 15:25,2026-07-31 14:15,,1494.45,2026-09-04 22:30:36
P00642,LLUGLLUNA CAIZA JOSE MIGUEL,PAOLA CALVACHE,Orden de compra,Recibida completa,[MQ00001] FRUTILLA MAQUILA IQF,500.0,kg,1.04,520.0,2026-07-29 20:53,2026-07-30 07:53,2026-07-31 14:14,,520.0,2026-09-04 22:30:36
P00641,CAISALITIN NAULA DARWIN PATRICIO,PAOLA CALVACHE,Orden de compra,Recibida completa,[MQ00001] FRUTILLA MAQUILA IQF,1100.0,kg,1.0,1100.0,2026-07-29 20:53,2026-07-30 07:53,2026-07-31 14:13,,1100.0,2026-09-04 22:30:36
P00640,LAGUAQUIZA SANGUCHO SERGIO PAUL,PAOLA CALVACHE,Orden de compra,Recibida completa,[MQ00001] FRUTILLA MAQUILA IQF,350.0,kg,1.03,360.5,2026-07-29 20:52,2026-07-30 07:52,2026-07-31 14:13,,360.5,2026-09-04 22:30:36
P00639,GELARDO RUIZ CLARA,PAOLA CALVACHE,Orden de compra,Recibida completa,[MP00022] PIÑA,2500.0,kg,0.57,1425.0,2026-07-29 20:51,2026-07-30 06:00,2026-07-31 14:15,,1425.0,2026-09-04 22:30:36
P00638,GARCES ERAZO ESTEBAN ISRAEL,PAOLA CALVACHE,Orden de compra,Recibida completa,[MP00241] TOMATE DE ARBOL 4 CM,700.0,kg,1.55,1085.0,2026-07-28 21:34,2026-07-29 10:34,2026-07-30 14:48,,1085.0,2026-09-04 22:30:36
P00637,GARCES ERAZO ESTEBAN ISRAEL,PAOLA CALVACHE,Orden de compra,Recibida completa,[MP00012] TOMATE DE ARBOL,655.0,kg,1.25,818.75,2026-07-28 21:32,2026-07-29 10:00,2026-07-30 14:46,,818.75,2026-09-04 22:30:36
P00636,CAJIAO BEJAR ALEXANDRA YOLANDA,PAOLA CALVACHE,Orden de compra,Recibida completa,[MP00213] DURAZNO GRADO 8,250.0,kg,1.05,262.5,2026-07-28 21:32,2026-07-29 09:30,2026-07-30 14:46,,262.5,2026-09-04 22:30:36
P00635,HERNANDEZ FREIRE DIANA MARICELA,PAOLA CALVACHE,Orden de compra,Recibida completa,[MP00213] DURAZNO GRADO 8,700.0,kg,1.45,1015.0,2026-07-28 21:31,2026-07-29 08:30,2026-07-29 14:02,,1015.0,2026-09-04 22:30:36
P00634,ENRIQUEZ PEREZ LAURA ELINA,PAOLA CALVACHE,Orden de compra,Recibida completa,[MP00221] FRUTILLA DESPITONADA PARA PICAR,800.0,kg,1.03,824.0,2026-07-28 21:31,2026-07-29 06:45,2026-07-29 14:02,,824.0,2026-09-04 22:30:36
P00633,DIAZ LALANGUI PEDRO FRANCISCO,PAOLA CALVACHE,Orden de compra,Recibida completa,[MP00005] COCO,400.0,kg,3.9,1560.0,2026-07-28 21:30,2026-07-29 06:30,2026-07-29 14:02,,1560.0,2026-09-04 22:30:36
P00632,FARINANGO GUACHAMIN MARIA FERNANDA,PAOLA CALVACHE,Orden de compra,Recibida completa,[MP00213] DURAZNO GRADO 8,206.0,kg,1.1,226.6,2026-07-28 21:03,2026-07-28 21:03,2026-07-30 14:50,,226.6,2026-09-04 22:30:36
P00631,MINFARMS S.A.S.,PAOLA CALVACHE,Orden de compra,Recibida completa,[MP00028] MOTA GUANABANA,215.0,kg,1.38,296.7,2026-07-28 21:02,2026-07-28 21:02,2026-07-29 14:01,,296.7,2026-09-04 22:30:36
P00630,JIMENEZ POZO OSCAR DAVID,PAOLA CALVACHE,Orden de compra,Recibida completa,[MP00036] MORA TIPO B,844.0,kg,1.05,886.2,2026-07-28 21:02,2026-07-29 21:02,2026-07-30 14:45,,886.2,2026-09-04 22:30:36
P00629,CHAVEZ TORRES MARLENE LASTENIA,PAOLA CALVACHE,Orden de compra,Recibida completa,[MP00019] NARANJILLA,4120.0,kg,1.0,4120.0,2026-07-28 17:16,2026-07-29 17:16,2026-07-29 14:00,,4120.0,2026-09-04 22:30:36
P00628,CHAVEZ TORRES MARLENE LASTENIA,PAOLA CALVACHE,Orden de compra,Recibida completa,[MP00243] LULO ENTERO,708.0,kg,1.0,708.0,2026-07-28 14:56,2026-07-29 14:56,2026-07-29 14:00,,708.0,2026-09-04 22:30:36
P00627,LAGUAQUIZA SANGUCHO SERGIO PAUL,PAOLA CALVACHE,Orden de compra,Recibida completa,[MP00221] FRUTILLA DESPITONADA PARA PICAR,411.0,kg,1.04,427.44,2026-07-28 13:07,2026-07-28 13:07,2026-07-28 22:04,,427.44,2026-09-04 22:30:36
P00626,LLUGLLUNA CAIZA JOSE MIGUEL,PAOLA CALVACHE,Orden de compra,Recibida completa,[MP00221] FRUTILLA DESPITONADA PARA PICAR,1248.0,kg,1.04,1297.92,2026-07-28 13:06,2026-07-28 13:06,2026-07-28 22:03,,1297.92,2026-09-04 22:30:36
P00625,DIAZ LALANGUI PEDRO FRANCISCO,PAOLA CALVACHE,Orden de compra,Recibida completa,[MP00005] COCO,1063.0,kg,3.9,4145.7,2026-07-28 13:05,2026-07-29 13:05,2026-07-29 14:00,,4145.7,2026-09-04 22:30:36
P00624,GUANABANA-BIG CIA.LTDA.,PAOLA CALVACHE,Orden de compra,Recibida completa,[MP00028] MOTA GUANABANA,3000.0,kg,1.4,4200.0,2026-07-26 22:22,2026-07-27 11:22,2026-07-27 21:34,,4200.0,2026-09-04 22:30:36
P00623,NOGUERA GILER YOFFRE GEOVANNY,PAOLA CALVACHE,Orden de compra,Recibida completa,[MP00014] MARACUYA,10000.0,kg,0.0,0.0,2026-07-26 22:21,2026-07-27 06:21,2026-07-27 21:34,,0.0,2026-09-04 22:30:36
P00622,PLASTIGOMEZ S.A.,PAOLA CALVACHE,Orden de compra,Recibida completa,[FUN004] FUNDA SIN IMPRESION 16 KG,10000.0,Units,0.2121,2121.2,2026-07-26 19:35,2026-08-27 19:35,2026-08-28 12:19,,2439.38,2026-09-04 22:30:36
P00621,TOP TRADING TOPTRA CIA. LTDA.,PAOLA CALVACHE,Orden de compra,Recibida completa,[MP00170] SUCRALOSA,25.0,kg,84.962,2124.05,2026-07-26 19:35,2026-08-12 00:00,2026-08-17 11:21,,2442.66,2026-09-04 22:30:36
P00620,NOVACHEM DEL ECUADOR S.C.C.,PAOLA CALVACHE,Orden de compra,Recibida completa,"[INS012] HIDROXIDO DE SODIO 0,1 N",6.0,Units,34.4799,206.88,2026-07-26 19:32,2026-08-06 00:00,2026-08-09 19:43,,237.91,2026-09-04 22:30:36
P00619,COMERCIO EXTERIOR CECOMEX S.A.,PAOLA CALVACHE,Orden de compra,Recibida completa,[INS003] AIRBAG FUNDA PLASTICA 90X180 CM,75.0,Units,8.9,667.5,2026-07-26 19:32,2026-07-29 00:00,2026-08-05 11:23,,767.63,2026-09-04 22:30:36
P00618,MOVERPRINT CIA. LTDA.,PAOLA CALVACHE,Orden de compra,Recibida completa,[ETI001] ETIQUETA ADHESIVA BLANCA 9X12 CM,30000.0,Units,0.021,630.0,2026-07-26 19:30,2026-07-29 00:00,2026-07-29 22:12,,724.5,2026-09-04 22:30:36
P00617,ALITECNO COMERCIO DE INSUMOS PARA LA INDUSTRIA DE ALIMENTOS,PAOLA CALVACHE,Orden de compra,Recibida completa,[CAL001] FUNDA CONTRAMUESTRA DE LABORATORIO,2000.0,Units,0.03,60.0,2026-07-26 19:26,2026-07-28 00:00,2026-07-29 12:59,,246.1,2026-09-04 22:30:36
P00617,ALITECNO COMERCIO DE INSUMOS PARA LA INDUSTRIA DE ALIMENTOS,PAOLA CALVACHE,Orden de compra,Recibida completa,[FUN007] FUNDA TRANSPARENTE S/V 1 KG,2000.0,Units,0.077,154.0,2026-07-26 19:26,2026-07-28 00:00,2026-07-29 12:59,,246.1,2026-09-04 22:30:36
P00616,TOP TRADING TOPTRA CIA. LTDA.,PAOLA CALVACHE,Orden de compra,Recibida completa,[MP00056] ACIDO ASCORBICO,75.0,kg,5.81,435.75,2026-07-26 19:24,2026-07-28 00:00,2026-07-28 22:02,,501.11,2026-09-04 22:30:36
P00614,SILVA ARMIJOS JESSICA DANIELA,PAOLA CALVACHE,Orden de compra,Recibida completa,[MP00016] MORA DE CASTILLA,479.0,kg,1.42,680.18,2026-07-24 21:08,2026-07-24 21:08,2026-07-27 21:33,,680.18,2026-09-04 22:30:36
P00613,LISINTUÑA TIPAN CARMEN MARIA,PAOLA CALVACHE,Orden de compra,Recibida completa,[MP00016] MORA DE CASTILLA,420.0,kg,1.42,596.4,2026-07-24 21:04,2026-07-25 15:04,2026-07-26 12:39,,596.4,2026-09-04 22:30:36
P00612,LISINTUÑA AYALA EDISON JOEL,PAOLA CALVACHE,Orden de compra,Recibida completa,[MP00016] MORA DE CASTILLA,1055.0,kg,1.42,1498.1,2026-07-24 21:02,2026-07-24 14:02,2026-07-26 12:39,,1498.1,2026-09-04 22:30:36
P00611,QUERIDO LISINTUÑA SONIA TERESA,PAOLA CALVACHE,Orden de compra,Recibida completa,[MP00242] MORA CATEGORIA 1,170.0,kg,1.5,255.0,2026-07-24 21:00,2026-07-24 14:00,2026-07-26 12:38,,2910.4,2026-09-04 22:30:36
P00611,QUERIDO LISINTUÑA SONIA TERESA,PAOLA CALVACHE,Orden de compra,Recibida completa,[MP00016] MORA DE CASTILLA,1870.0,kg,1.42,2655.4,2026-07-24 21:00,2026-07-24 14:00,2026-07-26 12:38,,2910.4,2026-09-04 22:30:36
P00610,Ronquillo Cerda Braulio Mauricio,PAOLA CALVACHE,Orden de compra,Recibida completa,[MP00016] MORA DE CASTILLA,1612.0,kg,1.42,2289.04,2026-07-24 20:58,2026-07-24 12:58,2026-07-26 12:38,,2289.04,2026-09-04 22:30:36
P00609,COMERCIAL KYWI S.A.,PAOLA CALVACHE,Orden de compra,Recibida completa,[EPP016] BOTIN DE CUERO PUNTA DE COMPOSITE TALLA 40,1.0,Units,31.26,31.26,2026-07-24 12:35,2026-07-22 12:35,2026-07-24 15:23,,71.9,2026-09-04 22:30:36
P00609,COMERCIAL KYWI S.A.,PAOLA CALVACHE,Orden de compra,Recibida completa,[EPP015] BOTIN DE CUERO PUNTA DE COMPOSITE TALLA 39,1.0,Units,31.26,31.26,2026-07-24 12:35,2026-07-24 12:35,2026-07-24 15:23,,71.9,2026-09-04 22:30:36
P00608,GARCES ERAZO ESTEBAN ISRAEL,PAOLA CALVACHE,Orden de compra,Recibida completa,[MP00012] TOMATE DE ARBOL,945.0,kg,1.25,1181.25,2026-07-24 08:35,2026-07-22 08:35,2026-07-24 09:52,,1181.25,2026-09-04 22:30:36
P00607,DIAZ LALANGUI PEDRO FRANCISCO,PAOLA CALVACHE,Orden de compra,Recibida completa,[MP00028] MOTA GUANABANA,1000.0,kg,1.4,1400.0,2026-07-23 21:11,2026-07-23 21:11,2026-07-24 09:54,,1400.0,2026-09-04 22:30:36
P00606,AGUILAR CHUGA CRISTOPHER ALEXANDER,PAOLA CALVACHE,Orden de compra,Recibida completa,[MP00003] GUAYABA,3944.0,kg,0.75,2958.0,2026-07-23 14:08,2026-07-23 09:08,2026-07-24 09:53,,2958.0,2026-09-04 22:30:36
P00605,GELARDO RUIZ CLARA,PAOLA CALVACHE,Orden de compra,Recibida completa,[MP00022] PIÑA,2212.0,kg,0.6,1327.2,2026-07-23 09:33,2026-07-23 09:33,2026-07-24 09:53,,1327.2,2026-09-04 22:30:36
P00604,Corrugadora Nacional Cransa S.A.,PAOLA CALVACHE,Orden de compra,Recibida completa,[CAJ003] CAJA MASTER HF X 15 KG,722.0,Units,0.95,685.9,2026-07-22 20:35,2026-07-19 20:35,2026-07-23 10:30,,788.79,2026-09-04 22:30:36
P00603,"PURIFLUIDOS, PURIFICACION Y ANALISIS DE FLUIDOS S.A.S.",PAOLA CALVACHE,Orden de compra,Pendiente recepción,[CAL013] KCl 3 mol/L,1.0,Units,41.28,41.28,2026-07-22 12:38,2026-07-22 12:38,,Sí,47.47,2026-09-04 22:30:36
P00602,CAJIAO BEJAR ALEXANDRA YOLANDA,PAOLA CALVACHE,Orden de compra,Recibida completa,[MP00213] DURAZNO GRADO 8,152.0,kg,1.05,159.6,2026-07-22 11:36,2026-07-22 11:36,2026-07-23 15:06,,159.6,2026-09-04 22:30:36
P00601,HERNANDEZ FREIRE DIANA MARICELA,PAOLA CALVACHE,Orden de compra,Recibida completa,[MP00213] DURAZNO GRADO 8,929.0,kg,1.4,1300.6,2026-07-22 11:36,2026-07-22 11:36,2026-07-23 15:07,,1300.6,2026-09-04 22:30:36
P00600,GARCES ERAZO ESTEBAN ISRAEL,PAOLA CALVACHE,Orden de compra,Recibida completa,[MP00241] TOMATE DE ARBOL 4 CM,1298.0,kg,1.55,2011.9,2026-07-22 11:35,2026-07-22 06:35,2026-07-23 12:42,,2011.9,2026-09-04 22:30:36
P00599,GARCES ERAZO ESTEBAN ISRAEL,PAOLA CALVACHE,Orden de compra,Recibida completa,[MP00012] TOMATE DE ARBOL,4500.0,kg,1.25,5625.0,2026-07-22 11:34,2026-07-22 06:34,2026-07-23 14:16,,5625.0,2026-09-04 22:30:36
P00598,CHIRIBOGA LOPEZ LUIS SANTIAGO,PAOLA CALVACHE,Orden de compra,Recibida completa,[MP00034] ARANDANO,744.0,kg,5.8,4315.2,2026-07-21 17:09,2026-07-21 17:09,2026-07-23 10:28,,4315.2,2026-09-04 22:30:36
P00597,CHAVEZ TORRES MARLENE LASTENIA,PAOLA CALVACHE,Orden de compra,Recibida completa,[MP00019] NARANJILLA,5734.0,kg,1.0,5734.0,2026-07-21 17:08,2026-07-21 17:08,2026-07-23 10:20,,5734.0,2026-09-04 22:30:36
P00596,CHAVEZ TORRES MARLENE LASTENIA,PAOLA CALVACHE,Orden de compra,Recibida completa,[MP00243] LULO ENTERO,759.0,kg,1.0,759.0,2026-07-21 17:07,2026-07-21 17:07,2026-07-23 10:24,,759.0,2026-09-04 22:30:36
P00595,CHIGUANO AYALA EDGAR DAVID,PAOLA CALVACHE,Orden de compra,Recibida completa,[MP00036] MORA TIPO B,388.0,kg,1.05,407.4,2026-07-21 17:06,2026-07-21 17:06,2026-07-24 09:55,,407.4,2026-09-04 22:30:36
P00594,JIMENEZ POZO OSCAR DAVID,PAOLA CALVACHE,Orden de compra,Recibida completa,[MP00036] MORA TIPO B,1000.0,kg,1.05,1050.0,2026-07-21 11:04,2026-07-21 11:04,2026-07-24 09:15,,1050.0,2026-09-04 22:30:36
P00593,CHIGUANO AYALA EDGAR DAVID,PAOLA CALVACHE,Orden de compra,Recibida completa,[MP00036] MORA TIPO B,300.0,kg,1.05,315.0,2026-07-21 11:03,2026-07-21 11:03,2026-07-24 09:13,,315.0,2026-09-04 22:30:36
P00592,LLUGLLUNA CAIZA JOSE MIGUEL,PAOLA CALVACHE,Orden de compra,Recibida completa,[MP00154] FRUTILLA DESPITONADA PARA TOPPING,883.0,kg,1.04,918.32,2026-07-21 08:27,2026-07-21 08:27,2026-07-22 15:00,,918.32,2026-09-04 22:30:36
P00590,CASTRO SALCEDO JOSE CARLOS,PAOLA CALVACHE,Orden de compra,Recibida completa,[EGS003] GAVETAS PLASTICAS,300.0,Units,3.0,900.0,2026-07-20 10:22,2026-07-15 10:22,2026-07-21 21:21,,1035.0,2026-09-04 22:30:36
P00589,NATIGOLD S.A.,PAOLA CALVACHE,Orden de compra,Recibida completa,[MP00230] POLVO DE CACAO ALCALINO,300.0,kg,7.5,2250.0,2026-07-19 20:10,2026-07-21 20:10,2026-07-26 12:37,,2587.5,2026-09-04 22:30:36
P00588,FRIPA S.A.S.,PAOLA CALVACHE,Orden de compra,Recibida completa,[MP00028] MOTA GUANABANA,2000.0,kg,1.3,2600.0,2026-07-19 18:20,2026-07-20 15:00,2026-07-23 10:32,,2600.0,2026-09-04 22:30:36
P00587,NOGUERA GILER YOFFRE GEOVANNY,PAOLA CALVACHE,Orden de compra,Recibida completa,[MP00014] MARACUYA,7000.0,kg,0.65,4550.0,2026-07-19 18:19,2026-07-20 10:00,2026-07-22 10:25,,4550.0,2026-09-04 22:30:36
P00586,LUCIO GARCIA FELIX ANCELMO,PAOLA CALVACHE,Orden de compra,Recibida completa,[MP00020] PAPAYA,2100.0,kg,1.15,2415.0,2026-07-19 18:19,2026-07-20 07:00,2026-07-21 21:27,,2415.0,2026-09-04 22:30:36
P00585,CAISALITIN NAULA DARWIN PATRICIO,PAOLA CALVACHE,Orden de compra,Recibida completa,[MP00007] FRUTILLA,900.0,kg,0.9,810.0,2026-07-19 18:18,2026-07-20 06:30,2026-07-22 10:22,,810.0,2026-09-04 22:30:36
P00584,LAGUAQUIZA SANGUCHO SERGIO PAUL,PAOLA CALVACHE,Orden de compra,Recibida completa,[MP00007] FRUTILLA,400.0,kg,0.9,360.0,2026-07-19 18:17,2026-07-20 06:30,2026-07-21 21:25,,360.0,2026-09-04 22:30:36
P00583,Corrugadora Nacional Cransa S.A.,PAOLA CALVACHE,Orden de compra,Pendiente recepción,[EMB100] PERFIL DE EMBALAJE,1000.0,Units,0.655,655.0,2026-07-18 07:19,2026-09-01 00:00,,Sí,655.0,2026-09-04 22:30:36
P00582,GRUPO DYMAP SCC.,PAOLA CALVACHE,Orden de compra,Recibida completa,[PAL0002] PALLET ESTANDAR DE MADERA 100X120 CM,45.0,Units,12.45,560.25,2026-07-18 07:14,2026-08-20 00:00,2026-08-21 09:02,,644.29,2026-09-04 22:30:36
P00581,Corrugadora Nacional Cransa S.A.,PAOLA CALVACHE,Orden de compra,Recibida completa,[INS019] LAMINA SEPARADORA,4000.0,Units,0.151,604.0,2026-07-18 07:13,2026-08-17 00:00,2026-08-31 13:08,,694.6,2026-09-04 22:30:36
P00580,GRUPO DYMAP SCC.,PAOLA CALVACHE,Orden de compra,Recibida completa,[PAL0003] PALLET EUROPEO DE MADERA 80X120 CM,25.0,Units,14.75,368.75,2026-07-18 07:11,2026-08-13 00:00,2026-08-11 10:32,,782.0,2026-09-04 22:30:36
P00580,GRUPO DYMAP SCC.,PAOLA CALVACHE,Orden de compra,Recibida completa,[PAL0002] PALLET ESTANDAR DE MADERA 100X120 CM,25.0,Units,12.45,311.25,2026-07-18 07:11,2026-08-13 00:00,2026-08-11 10:32,,782.0,2026-09-04 22:30:36
P00579,MILANPLASTIC S A,PAOLA CALVACHE,Orden de compra,Pendiente recepción,[FUN209] FUNDA GOYA USA PULPA DE TOMATE DE ARBOL,33000.0,Units,0.0553,1823.25,2026-07-18 07:01,2026-09-02 00:00,,Sí,2096.74,2026-09-04 22:30:36
P00578,Corrugadora Nacional Cransa S.A.,PAOLA CALVACHE,Orden de compra,Recibida completa,[CAJ204] CAJA GOYA USA PULPA DE MANGO,2000.0,Units,0.301,602.0,2026-07-18 07:00,2026-08-28 00:00,2026-09-03 08:36,,879.22,2026-09-04 22:30:36
P00578,Corrugadora Nacional Cransa S.A.,PAOLA CALVACHE,Orden de compra,Recibida completa,[CAJ209] CAJA GOYA USA PULPA DE TOMATE DE ARBOL,540.0,Units,0.301,162.54,2026-07-18 07:00,2026-09-01 00:00,2026-09-03 08:36,,879.22,2026-09-04 22:30:36
P00577,Corrugadora Nacional Cransa S.A.,PAOLA CALVACHE,Orden de compra,Recibida completa,[CAJ201] CAJA GOYA USA PULPA DE GUANABANA,2500.0,Units,0.301,752.5,2026-07-18 06:59,2026-08-21 00:00,2026-08-21 09:16,,1730.76,2026-09-04 22:30:36
P00577,Corrugadora Nacional Cransa S.A.,PAOLA CALVACHE,Orden de compra,Recibida completa,[CAJ202] CAJA GOYA USA PULPA DE GUAYABA,2500.0,Units,0.301,752.5,2026-07-18 06:59,2026-08-21 00:00,2026-08-21 09:16,,1730.76,2026-09-04 22:30:36
P00576,Corrugadora Nacional Cransa S.A.,PAOLA CALVACHE,Orden de compra,Recibida completa,[CAJ202] CAJA GOYA USA PULPA DE GUAYABA,2500.0,Units,0.301,752.5,2026-07-18 06:58,2026-08-03 00:00,2026-08-12 11:38,,1419.22,2026-09-04 22:30:36
P00576,Corrugadora Nacional Cransa S.A.,PAOLA CALVACHE,Orden de compra,Recibida completa,[CAJ203] CAJA GOYA USA PULPA DE LULO,1600.0,Units,0.301,481.6,2026-07-18 06:58,2026-08-07 00:00,2026-08-12 11:38,,1419.22,2026-09-04 22:30:36
P00575,MILANPLASTIC S A,PAOLA CALVACHE,Orden de compra,Pendiente recepción,[FUN207] FUNDA GOYA USA PULPA DE PAPAYA,35000.0,Units,0.0496,1736.0,2026-07-18 06:54,2026-08-03 06:54,,Sí,1996.4,2026-09-04 22:30:36
P00574,SILVA ARMIJOS JESSICA DANIELA,PAOLA CALVACHE,Orden de compra,Recibida completa,[MP00016] MORA DE CASTILLA,876.0,kg,1.42,1243.92,2026-07-18 06:50,2026-07-17 06:50,2026-07-21 21:21,,1243.92,2026-09-04 22:30:36
P00573,LISINTUÑA TIPAN CARMEN MARIA,PAOLA CALVACHE,Orden de compra,Recibida completa,[MP00016] MORA DE CASTILLA,1340.0,kg,1.42,1902.8,2026-07-18 06:48,2026-07-17 06:48,2026-07-21 21:21,,1902.8,2026-09-04 22:30:36
P00572,LISINTUÑA AYALA EDISON JOEL,PAOLA CALVACHE,Orden de compra,Recibida completa,[MP00016] MORA DE CASTILLA,1032.0,kg,1.42,1465.44,2026-07-18 06:47,2026-07-17 06:47,2026-07-21 21:20,,1465.44,2026-09-04 22:30:36
P00571,QUERIDO LISINTUÑA SONIA TERESA,PAOLA CALVACHE,Orden de compra,Recibida completa,[MP00016] MORA DE CASTILLA,908.0,kg,1.42,1289.36,2026-07-18 06:45,2026-07-17 06:45,2026-07-21 21:20,,1620.86,2026-09-04 22:30:36
P00571,QUERIDO LISINTUÑA SONIA TERESA,PAOLA CALVACHE,Orden de compra,Recibida completa,[MP00242] MORA CATEGORIA 1,221.0,kg,1.5,331.5,2026-07-18 06:45,2026-07-17 06:45,2026-07-21 21:20,,1620.86,2026-09-04 22:30:36
P00570,Ronquillo Cerda Braulio Mauricio,PAOLA CALVACHE,Orden de compra,Recibida completa,[MP00016] MORA DE CASTILLA,1641.0,kg,1.42,2330.22,2026-07-18 06:44,2026-07-17 06:44,2026-07-21 21:20,,2330.22,2026-09-04 22:30:36
P00569,GELARDO RUIZ CLARA,PAOLA CALVACHE,Orden de compra,Recibida completa,[MP00022] PIÑA,2032.0,kg,0.6,1219.2,2026-07-18 06:43,2026-07-17 06:43,2026-07-20 10:37,,1219.2,2026-09-04 22:30:36
P00568,MILANPLASTIC S A,PAOLA CALVACHE,Orden de compra,Pendiente recepción,[FUN102] FUNDA MERICA PULPA DE MANGO 250 g,65000.0,Units,0.0346,2249.0,2026-07-18 06:40,2026-10-26 00:00,,No,7759.05,2026-09-04 22:30:36
P00568,MILANPLASTIC S A,PAOLA CALVACHE,Orden de compra,Pendiente recepción,[FUN105] FUNDA MERICA PULPA DE NARANJILLA 250 g,65000.0,Units,0.0346,2249.0,2026-07-18 06:40,2026-10-26 00:00,,No,7759.05,2026-09-04 22:30:36
P00568,MILANPLASTIC S A,PAOLA CALVACHE,Orden de compra,Pendiente recepción,[FUN109] FUNDA MERICA PULPA TAMARINDO 250 g,65000.0,Units,0.0346,2249.0,2026-07-18 06:40,2026-10-26 00:00,,No,7759.05,2026-09-04 22:30:36
P00567,Corrugadora Nacional Cransa S.A.,PAOLA CALVACHE,Orden de compra,Pendiente recepción,"[CAJ100] CAJA MERICA 2,5 KG",8000.0,Units,0.262,2096.0,2026-07-18 06:39,2026-09-15 00:00,,No,2410.4,2026-09-04 22:30:36
P00566,Corrugadora Nacional Cransa S.A.,PAOLA CALVACHE,Orden de compra,Pendiente recepción,"[CAJ100] CAJA MERICA 2,5 KG",8000.0,Units,0.262,2096.0,2026-07-18 06:38,2026-09-01 00:00,,Sí,2410.4,2026-09-04 22:30:36
P00565,Corrugadora Nacional Cransa S.A.,PAOLA CALVACHE,Orden de compra,Recibida completa,[CAJ107] CAJA MERICA MARACUYA CON PEPAS,1000.0,Units,0.293,293.0,2026-07-18 06:37,2026-08-24 00:00,2026-08-26 09:41,,336.95,2026-09-04 22:30:36
P00564,Corrugadora Nacional Cransa S.A.,PAOLA CALVACHE,Orden de compra,Recibida completa,"[CAJ100] CAJA MERICA 2,5 KG",8000.0,Units,0.262,2096.0,2026-07-18 06:36,2026-08-18 00:00,2026-08-19 12:50,,2410.4,2026-09-04 22:30:36
P00563,Corrugadora Nacional Cransa S.A.,PAOLA CALVACHE,Orden de compra,Recibida completa,[CAJ107] CAJA MERICA MARACUYA CON PEPAS,1000.0,Units,0.293,293.0,2026-07-18 06:34,2026-08-03 00:00,2026-08-11 15:35,,336.95,2026-09-04 22:30:36
P00562,"Procesadora Continental De Alimentos,S.A.",PAOLA CALVACHE,Orden de compra,Recibida completa,[MP00023] PIÑA PELADA,2000.0,kg,1.2,2400.0,2026-07-17 16:35,2026-07-21 10:00,2026-07-24 09:15,,2400.0,2026-09-04 22:30:36
P00561,DIAZ LALANGUI PEDRO FRANCISCO,PAOLA CALVACHE,Orden de compra,Recibida completa,[MP00028] MOTA GUANABANA,1790.0,kg,1.4,2506.0,2026-07-16 17:05,2026-07-16 17:05,2026-07-19 21:23,,2506.0,2026-09-04 22:30:36
P00560,GARCES ERAZO ESTEBAN ISRAEL,PAOLA CALVACHE,Orden de compra,Recibida completa,[MP00241] TOMATE DE ARBOL 4 CM,1000.0,kg,1.55,1550.0,2026-07-16 17:04,2026-07-16 17:04,2026-07-17 12:52,,1550.0,2026-09-04 22:30:36
P00559,COMPANIA DE TRANSPORTE TYDCOSERVICES S.A.,PAOLA CALVACHE,Orden de compra,Recibida completa,[INS032] Diesel,1000.0,Units,3.7424,3742.42,2026-07-16 13:02,2026-07-17 07:00,2026-07-21 21:21,,4303.78,2026-09-04 22:30:36
P00558,DON GATO SUPERMERCADO MAYORISTA S.A.,PAOLA CALVACHE,Orden de compra,Recibida completa,[MP00051] AZUCAR,2500.0,kg,0.72,1800.0,2026-07-15 04:51,2026-07-20 00:00,2026-07-24 15:22,,1800.0,2026-09-04 22:30:36
P00557,QUÍMICOS EXPORTACIONES E IMPORTACIONES RELUBQUIM CÍA. LTDA.,PAOLA CALVACHE,Orden de compra,Recibida completa,[MP00215] SODA CAUSTICA,25.0,kg,1.4,35.0,2026-07-15 04:46,2026-07-20 00:00,2026-07-22 10:18,,40.25,2026-09-04 22:30:36
P00556,HERNANDEZ FREIRE DIANA MARICELA,PAOLA CALVACHE,Orden de compra,Recibida completa,[MP00213] DURAZNO GRADO 8,700.0,kg,1.45,1015.0,2026-07-15 04:44,2026-07-15 04:44,2026-07-15 16:10,,1015.0,2026-09-04 22:30:36
P00555,LISINTUÑA AYALA EDISON JOEL,PAOLA CALVACHE,Orden de compra,Recibida completa,[MP00242] MORA CATEGORIA 1,300.0,kg,1.5,450.0,2026-07-15 04:44,2026-07-15 04:44,2026-07-15 16:09,,450.0,2026-09-04 22:30:36
P00554,MINFARMS S.A.S.,PAOLA CALVACHE,Orden de compra,Recibida completa,[MP00028] MOTA GUANABANA,452.0,kg,1.38,623.76,2026-07-15 04:43,2026-07-14 04:43,2026-07-15 11:31,,623.76,2026-09-04 22:30:36
P00553,LUCIO GARCIA FELIX ANCELMO,PAOLA CALVACHE,Orden de compra,Recibida completa,[MP00020] PAPAYA,2229.0,kg,1.15,2563.35,2026-07-15 04:42,2026-07-14 04:42,2026-07-15 11:31,,2563.35,2026-09-04 22:30:36
P00552,CHAVEZ TORRES MARLENE LASTENIA,PAOLA CALVACHE,Orden de compra,Recibida completa,[MP00019] NARANJILLA,5155.0,kg,1.0,5155.0,2026-07-15 04:40,2026-07-14 04:40,2026-07-15 11:30,,5155.0,2026-09-04 22:30:36
P00551,JIMENEZ POZO OSCAR DAVID,PAOLA CALVACHE,Orden de compra,Recibida completa,[MP00036] MORA TIPO B,926.0,kg,1.05,972.3,2026-07-15 04:38,2026-07-14 04:38,2026-07-15 11:30,,972.3,2026-09-04 22:30:36
P00550,CHIGUANO AYALA EDGAR DAVID,PAOLA CALVACHE,Orden de compra,Recibida completa,[MP00036] MORA TIPO B,339.0,kg,1.05,355.95,2026-07-15 04:37,2026-07-14 04:37,2026-07-15 11:30,,355.95,2026-09-04 22:30:36
P00549,DIAZ LALANGUI PEDRO FRANCISCO,PAOLA CALVACHE,Orden de compra,Recibida completa,[MP00027] TAMARINDO,1228.0,kg,2.05,2517.4,2026-07-15 04:36,2026-07-14 04:36,2026-07-15 11:18,,2517.4,2026-09-04 22:30:36
P00548,FRIPA S.A.S.,PAOLA CALVACHE,Orden de compra,Recibida completa,[MP00028] MOTA GUANABANA,3000.0,kg,1.3,3900.0,2026-07-13 14:54,2026-07-13 15:00,2026-07-14 12:50,,3900.0,2026-09-04 22:30:36
P00547,GUANABANA-BIG CIA.LTDA.,PAOLA CALVACHE,Orden de compra,Recibida completa,[MP00028] MOTA GUANABANA,1500.0,kg,1.4,2100.0,2026-07-13 14:37,2026-07-13 12:37,2026-07-13 22:47,,2100.0,2026-09-04 22:30:36
P00546,NOGUERA GILER YOFFRE GEOVANNY,PAOLA CALVACHE,Orden de compra,Recibida completa,[MP00014] MARACUYA,10000.0,kg,0.72,7200.0,2026-07-13 10:00,2026-07-14 10:00,2026-07-15 11:31,,7200.0,2026-09-04 22:30:36
P00545,ALMEIDA AGUIRRE MARITZA RAQUEL,PAOLA CALVACHE,Orden de compra,Recibida completa,[CAL003] DATA LOGGER DESECHABLE,20.0,Units,20.0,400.0,2026-07-10 11:34,2026-07-13 00:00,2026-07-14 09:08,,460.0,2026-09-04 22:30:36
P00544,LISINTUÑA AYALA EDISON JOEL,PAOLA CALVACHE,Orden de compra,Recibida completa,[MP00016] MORA DE CASTILLA,368.0,kg,1.42,522.56,2026-07-09 17:00,2026-07-09 17:00,2026-07-12 21:13,,522.56,2026-09-04 22:30:36
P00543,QUERIDO LISINTUÑA SONIA TERESA,PAOLA CALVACHE,Orden de compra,Recibida completa,[MP00016] MORA DE CASTILLA,600.0,kg,1.42,852.0,2026-07-09 16:58,2026-07-10 15:00,2026-07-16 10:53,,1302.0,2026-09-04 22:30:36
P00543,QUERIDO LISINTUÑA SONIA TERESA,PAOLA CALVACHE,Orden de compra,Recibida completa,[MP00242] MORA CATEGORIA 1,300.0,kg,1.5,450.0,2026-07-09 16:58,2026-07-09 16:58,2026-07-16 10:53,,1302.0,2026-09-04 22:30:36
P00542,SILVA ARMIJOS JESSICA DANIELA,PAOLA CALVACHE,Orden de compra,Recibida completa,[MP00016] MORA DE CASTILLA,1000.0,kg,1.42,1420.0,2026-07-09 16:57,2026-07-10 14:00,2026-07-13 22:57,,1420.0,2026-09-04 22:30:36
P00541,LISINTUÑA TIPAN CARMEN MARIA,PAOLA CALVACHE,Orden de compra,Recibida completa,[MP00016] MORA DE CASTILLA,1600.0,kg,1.42,2272.0,2026-07-09 16:57,2026-07-10 14:00,2026-07-12 21:12,,2272.0,2026-09-04 22:30:36
P00540,Ronquillo Cerda Braulio Mauricio,PAOLA CALVACHE,Orden de compra,Recibida completa,[MP00016] MORA DE CASTILLA,1556.0,kg,1.42,2209.52,2026-07-09 16:56,2026-07-09 16:56,2026-07-13 22:55,,2209.52,2026-09-04 22:30:36
P00539,FRIPA S.A.S.,PAOLA CALVACHE,Orden de compra,Recibida completa,[MP00028] MOTA GUANABANA,3000.0,kg,1.3,3900.0,2026-07-09 16:56,2026-07-10 12:00,2026-07-12 21:12,,3900.0,2026-09-04 22:30:36
P00538,GUANABANA-BIG CIA.LTDA.,PAOLA CALVACHE,Orden de compra,Recibida completa,[MP00028] MOTA GUANABANA,2987.0,kg,1.4,4181.8,2026-07-09 16:55,2026-07-09 16:55,2026-07-12 21:11,,4181.8,2026-09-04 22:30:36
P00537,DIAZ LALANGUI PEDRO FRANCISCO,PAOLA CALVACHE,Orden de compra,Recibida completa,[MP00028] MOTA GUANABANA,1689.0,kg,1.4,2364.6,2026-07-09 16:30,2026-07-09 16:30,2026-07-10 10:25,,2364.6,2026-09-04 22:30:36
P00536,AGUILAR CHUGA CRISTOPHER ALEXANDER,PAOLA CALVACHE,Orden de compra,Recibida completa,[MP00003] GUAYABA,2213.0,kg,0.75,1659.75,2026-07-09 12:04,2026-07-09 12:04,2026-07-10 10:25,,1659.75,2026-09-04 22:30:36
P00535,GELARDO RUIZ CLARA,PAOLA CALVACHE,Orden de compra,Recibida completa,[MP00022] PIÑA,2671.0,kg,0.58,1549.18,2026-07-08 10:06,2026-07-03 10:06,2026-07-08 10:33,,1549.18,2026-09-04 22:30:36
P00534,CHAVEZ TORRES MARLENE LASTENIA,PAOLA CALVACHE,Orden de compra,Recibida completa,[MP00019] NARANJILLA,5500.0,kg,1.0,5500.0,2026-07-08 08:38,2026-07-08 11:38,2026-07-10 10:23,,5500.0,2026-09-04 22:30:36
P00533,GARCES ERAZO ESTEBAN ISRAEL,PAOLA CALVACHE,Orden de compra,Recibida completa,[MP00241] TOMATE DE ARBOL 4 CM,1701.0,kg,1.55,2636.55,2026-07-08 08:38,2026-07-09 08:38,2026-07-10 10:24,,2636.55,2026-09-04 22:30:36
P00532,GARCES ERAZO ESTEBAN ISRAEL,PAOLA CALVACHE,Orden de compra,Recibida completa,[MP00012] TOMATE DE ARBOL,4500.0,kg,1.25,5625.0,2026-07-08 08:37,2026-07-08 10:37,2026-07-10 10:25,,5625.0,2026-09-04 22:30:36
P00531,HERNANDEZ FREIRE DIANA MARICELA,PAOLA CALVACHE,Orden de compra,Recibida completa,[MP00213] DURAZNO GRADO 8,700.0,kg,1.45,1015.0,2026-07-08 08:36,2026-07-08 08:36,2026-07-10 10:19,,1015.0,2026-09-04 22:30:36
P00530,DIAZ LALANGUI PEDRO FRANCISCO,PAOLA CALVACHE,Orden de compra,Recibida completa,[MP00005] COCO,1035.0,kg,3.9,4036.5,2026-07-08 08:34,2026-07-09 08:34,2026-07-10 10:02,,4036.5,2026-09-04 22:30:36
P00529,CHIRIBOGA LOPEZ LUIS SANTIAGO,PAOLA CALVACHE,Orden de compra,Recibida completa,[MP00034] ARANDANO,495.0,kg,5.8,2871.0,2026-07-08 08:34,2026-07-09 08:34,2026-07-10 10:22,,2871.0,2026-09-04 22:30:36
P00528,SMART CHEMISTRY SMACH S.A.,PAOLA CALVACHE,Orden de compra,Recibida completa,[CAL012] KIT DE TITULACION,1.0,Units,25.0,25.0,2026-07-07 16:33,2026-07-14 00:00,2026-07-14 21:42,,28.75,2026-09-04 22:30:36
P00527,DISTRIBUIDORA DESCALZI S.A.,PAOLA CALVACHE,Orden de compra,Recibida completa,[CAL010] HISOPO CLEAN TRACE SUPERFICIE UXL100,150.0,Units,2.4,360.0,2026-07-07 16:06,2026-07-09 00:00,2026-07-16 10:58,,1346.65,2026-09-04 22:30:36
P00527,DISTRIBUIDORA DESCALZI S.A.,PAOLA CALVACHE,Orden de compra,Recibida completa,[CAL007] PLACA PTRFLM RAPID E. COLI-COLIFORME,150.0,Units,2.04,306.0,2026-07-07 16:06,2026-07-09 00:00,2026-07-16 10:58,,1346.65,2026-09-04 22:30:36
P00527,DISTRIBUIDORA DESCALZI S.A.,PAOLA CALVACHE,Orden de compra,Recibida completa,[CAL006] PLACA PTRFLM RAPID MOHOS Y LEVADURAS,150.0,Units,1.7,255.0,2026-07-07 16:06,2026-07-09 00:00,2026-07-16 10:58,,1346.65,2026-09-04 22:30:36
P00527,DISTRIBUIDORA DESCALZI S.A.,PAOLA CALVACHE,Orden de compra,Recibida completa,[CAL005] PLACA PTRFLM RAPID AEROBIOS,100.0,Units,1.7,170.0,2026-07-07 16:06,2026-07-09 00:00,2026-07-16 10:58,,1346.65,2026-09-04 22:30:36
P00527,DISTRIBUIDORA DESCALZI S.A.,PAOLA CALVACHE,Orden de compra,Recibida completa,[CAL002] HISOPO CLEAN TRACE WATER AQT200,20.0,Units,4.0,80.0,2026-07-07 16:06,2026-07-09 00:00,2026-07-16 10:58,,1346.65,2026-09-04 22:30:36
P00524,TACO ALMEIDA JUAN FRANCISCO,PAOLA CALVACHE,Orden de compra,Recibida completa,[AMA001] AMARRA PLASTICA PEQUEÑA ,4000.0,Units,0.0399,159.6,2026-07-07 12:09,2026-07-13 00:00,2026-07-21 21:22,,183.54,2026-09-04 22:30:36
P00523,APRACOM S.A.,PAOLA CALVACHE,Orden de compra,Recibida completa,[INS007] CLORO 10%,40.0,kg,0.95,38.0,2026-07-07 11:46,2026-08-04 00:00,2026-08-05 11:01,,213.9,2026-09-04 22:30:36
P00523,APRACOM S.A.,PAOLA CALVACHE,Orden de compra,Recibida completa,[INS014] JABON BC ALK CLOR,40.0,kg,1.85,74.0,2026-07-07 11:46,2026-08-04 00:00,2026-08-05 11:01,,213.9,2026-09-04 22:30:36
P00523,APRACOM S.A.,PAOLA CALVACHE,Orden de compra,Recibida completa,[INS013] JABON ALK 25,40.0,kg,1.85,74.0,2026-07-07 11:46,2026-08-04 00:00,2026-08-05 11:01,,213.9,2026-09-04 22:30:36
P00522,GRUPO DYMAP SCC.,PAOLA CALVACHE,Orden de compra,Recibida completa,[PAL0003] PALLET EUROPEO DE MADERA 80X120 CM,40.0,Units,14.75,590.0,2026-07-07 11:44,2026-07-24 00:00,2026-07-27 21:32,,1251.2,2026-09-04 22:30:36
P00522,GRUPO DYMAP SCC.,PAOLA CALVACHE,Orden de compra,Recibida completa,[PAL0002] PALLET ESTANDAR DE MADERA 100X120 CM,40.0,Units,12.45,498.0,2026-07-07 11:44,2026-07-24 00:00,2026-07-27 21:32,,1251.2,2026-09-04 22:30:36
P00521,SECADO Y TRATADO DE MADERA SETRAMAD CIA. LTDA.,PAOLA CALVACHE,Orden de compra,Recibida completa,[PAL0001] PALLET RECICLADO DE MADERA ESTANDAR 100X120 CM,40.0,Units,6.5,260.0,2026-07-07 11:42,2026-07-23 00:00,2026-07-15 16:36,,299.0,2026-09-04 22:30:36
P00520,TOP TRADING TOPTRA CIA. LTDA.,PAOLA CALVACHE,Orden de compra,Recibida completa,[MP00056] ACIDO ASCORBICO,25.0,kg,5.81,145.25,2026-07-07 11:39,2026-07-22 00:00,2026-07-26 12:35,,240.64,2026-09-04 22:30:36
P00520,TOP TRADING TOPTRA CIA. LTDA.,PAOLA CALVACHE,Orden de compra,Recibida completa,[MP00057] ACIDO CITRICO,50.0,kg,1.28,64.0,2026-07-07 11:39,2026-07-22 00:00,2026-07-26 12:35,,240.64,2026-09-04 22:30:36
P00519,APRACOM S.A.,PAOLA CALVACHE,Orden de compra,Recibida completa,[INS013] JABON ALK 25,60.0,kg,1.85,111.0,2026-07-07 11:36,2026-07-21 00:00,2026-07-26 12:34,,127.65,2026-09-04 22:30:36
P00518,Corrugadora Nacional Cransa S.A.,PAOLA CALVACHE,Orden de compra,Recibida completa,[INS019] LAMINA SEPARADORA,3000.0,Units,0.151,453.0,2026-07-07 11:34,2026-07-20 00:00,2026-07-24 15:29,,815.93,2026-09-04 22:30:36
P00518,Corrugadora Nacional Cransa S.A.,PAOLA CALVACHE,Orden de compra,Recibida completa,[CAJ001] CAJA MASTER HF X 10 KG,540.0,Units,0.475,256.5,2026-07-07 11:34,2026-07-22 00:00,2026-07-24 15:29,,815.93,2026-09-04 22:30:36
P00517,LIRA LABORATORIOS REPRESENTACIONES Y AGENCIAS S.A.,PAOLA CALVACHE,Orden de compra,Recibida completa,[INS004] ALCOHOL ANTISEPTICO 72%,36.0,Units,4.25,153.0,2026-07-07 11:27,2026-07-17 00:00,2026-07-12 21:05,,189.64,2026-09-04 22:30:36
P00517,LIRA LABORATORIOS REPRESENTACIONES Y AGENCIAS S.A.,PAOLA CALVACHE,Orden de compra,Recibida completa,[INS005] ALCOHOL POTABLE 90%,8.0,Units,4.58,36.64,2026-07-07 11:27,2026-07-08 11:27,2026-07-12 21:05,,189.64,2026-09-04 22:30:36
P00516,Compania Nacional de Plasticos Conaplas S.A.,PAOLA CALVACHE,Orden de compra,Recibida completa,[CIN003] CINTA DE EMBALAJE TRANSP 48X1000 YD,18.0,Units,6.8,122.4,2026-07-07 11:22,2026-07-13 00:00,2026-07-19 21:22,,140.76,2026-09-04 22:30:36
P00515,SMART CHEMISTRY SMACH S.A.,PAOLA CALVACHE,Orden de compra,Recibida completa,[INS011] JABON RIMALKAN MANO,20.0,kg,2.2,44.0,2026-07-07 11:18,2026-07-14 00:00,2026-07-14 21:43,,50.6,2026-09-04 22:30:36
P00514,CHEMLOK DEL ECUADOR S.A.,PAOLA CALVACHE,Orden de compra,Recibida completa,[INS015] JABON BX,80.0,kg,2.7,216.0,2026-07-07 11:16,2026-07-10 00:00,2026-07-13 22:42,,248.4,2026-09-04 22:30:36
P00513,ZURITA AGUILAR JESSICA TATIANA,PAOLA CALVACHE,Orden de compra,Recibida completa,[INS020] LIMPION PAÑOS WYPALL,40.0,Units,7.67,306.8,2026-07-10 11:11,2026-07-10 00:00,2026-07-12 21:11,,494.27,2026-09-04 22:30:36
P00513,ZURITA AGUILAR JESSICA TATIANA,PAOLA CALVACHE,Orden de compra,Recibida completa,[INS023] PAPEL CAFE WYPALL 300 M,20.0,Units,6.15,123.0,2026-07-10 11:11,2026-07-10 00:00,2026-07-12 21:11,,494.27,2026-09-04 22:30:36
P00512,MOVERPRINT CIA. LTDA.,PAOLA CALVACHE,Orden de compra,Recibida completa,[ETI002] ETIQUETA ADHESIVA BLANCA 3X8 CM,20000.0,Units,0.0075,150.0,2026-07-10 11:07,2026-07-02 00:00,2026-07-14 22:27,,517.34,2026-09-04 22:30:36
P00512,MOVERPRINT CIA. LTDA.,PAOLA CALVACHE,Orden de compra,Recibida completa,"[ETI009] ETIQUETA ADHESIVA VERDE 10X29,55 CM",5000.0,Units,0.06,299.86,2026-07-10 11:07,2026-07-02 00:00,2026-07-14 22:27,,517.34,2026-09-04 22:30:36
P00510,DIAZ LALANGUI PEDRO FRANCISCO,PAOLA CALVACHE,Orden de compra,Recibida completa,[MP00027] TAMARINDO,1400.0,kg,2.05,2870.0,2026-07-06 16:53,2026-07-07 15:53,2026-07-08 09:41,,2870.0,2026-09-04 22:30:36
P00509,JIMENEZ POZO OSCAR DAVID,PAOLA CALVACHE,Orden de compra,Recibida completa,[MP00036] MORA TIPO B,800.0,kg,1.05,840.0,2026-07-06 16:51,2026-07-07 10:51,2026-07-08 07:49,,840.0,2026-09-04 22:30:36
P00508,CHIGUANO AYALA EDGAR DAVID,PAOLA CALVACHE,Orden de compra,Recibida completa,[MP00036] MORA TIPO B,1.0,kg,1.1,1.1,2026-07-06 16:49,2026-07-07 09:49,2026-07-08 07:46,,1.1,2026-09-04 22:30:36
P00507,FRIPA S.A.S.,PAOLA CALVACHE,Orden de compra,Recibida completa,[MP00028] MOTA GUANABANA,2000.0,kg,1.3,2600.0,2026-07-05 20:11,2026-07-06 15:11,2026-07-07 07:27,,2600.0,2026-09-04 22:30:36
P00506,GUANABANA-BIG CIA.LTDA.,PAOLA CALVACHE,Orden de compra,Recibida completa,[MP00028] MOTA GUANABANA,2000.0,kg,1.4,2800.0,2026-07-05 20:11,2026-07-06 12:11,2026-07-07 07:26,,2800.0,2026-09-04 22:30:36
P00505,NOGUERA GILER YOFFRE GEOVANNY,PAOLA CALVACHE,Orden de compra,Recibida completa,[MP00014] MARACUYA,7000.0,kg,0.72,5040.0,2026-07-05 20:10,2026-07-06 07:10,2026-07-07 07:26,,5040.0,2026-09-04 22:30:36
P00504,Corrugadora Nacional Cransa S.A.,PAOLA CALVACHE,Orden de compra,Recibida completa,[CAJ403] CAJA EVOKE HORECA 10 KG,600.0,Units,0.838,502.8,2026-07-03 16:03,2026-07-15 00:00,2026-07-30 14:45,,2009.97,2026-09-04 22:30:36
P00504,Corrugadora Nacional Cransa S.A.,PAOLA CALVACHE,Orden de compra,Recibida completa,[CAJ401] CAJA EVOKE PULPAS 3 KG,1600.0,Units,0.232,371.2,2026-07-03 16:03,2026-07-15 00:00,2026-07-30 14:45,,2009.97,2026-09-04 22:30:36
P00504,Corrugadora Nacional Cransa S.A.,PAOLA CALVACHE,Orden de compra,Recibida completa,[CAJ402] CAJA EVOKE FRUTAS 3 KG,3400.0,Units,0.257,873.8,2026-07-03 16:03,2026-07-15 00:00,2026-07-30 14:45,,2009.97,2026-09-04 22:30:36
P00503,MILANPLASTIC S A,PAOLA CALVACHE,Orden de compra,Recibida completa,[FUN108] FUNDA MERICA PULPA MARACUYA CON PEPAS 500 g,41700.0,Units,0.0658,2743.86,2026-07-03 09:02,2026-07-02 09:02,2026-07-03 11:30,,3155.44,2026-09-04 22:30:36
P00502,QUISHPE LISINTUÑA RICARDO SEBASTIAN,PAOLA CALVACHE,Orden de compra,Recibida completa,[MP00016] MORA DE CASTILLA,500.0,kg,1.42,710.0,2026-07-02 17:06,2026-07-03 14:06,2026-07-07 11:50,,710.0,2026-09-04 22:30:36
P00500,QUERIDO LISINTUÑA SONIA TERESA,PAOLA CALVACHE,Orden de compra,Recibida completa,[MP00016] MORA DE CASTILLA,248.0,kg,1.42,352.16,2026-07-02 17:02,2026-07-02 17:02,2026-07-07 11:50,,833.66,2026-09-04 22:30:36
P00500,QUERIDO LISINTUÑA SONIA TERESA,PAOLA CALVACHE,Orden de compra,Recibida completa,[MP00242] MORA CATEGORIA 1,321.0,kg,1.5,481.5,2026-07-02 17:02,2026-07-02 17:02,2026-07-07 11:50,,833.66,2026-09-04 22:30:36
P00498,SILVA ARMIJOS JESSICA DANIELA,PAOLA CALVACHE,Orden de compra,Recibida completa,[MP00016] MORA DE CASTILLA,1170.0,kg,1.42,1661.4,2026-07-02 17:01,2026-07-02 17:01,2026-07-07 11:43,,1661.4,2026-09-04 22:30:36
P00497,LISINTUÑA TIPAN CARMEN MARIA,PAOLA CALVACHE,Orden de compra,Recibida completa,[MP00016] MORA DE CASTILLA,1300.0,kg,1.42,1846.0,2026-07-02 16:59,2026-07-03 14:59,2026-07-08 07:38,,1846.0,2026-09-04 22:30:36
P00496,Ronquillo Cerda Braulio Mauricio,PAOLA CALVACHE,Orden de compra,Recibida completa,[MP00036] MORA TIPO B,1009.0,kg,1.1,1109.9,2026-07-02 16:58,2026-07-02 16:58,2026-07-07 07:19,,1109.9,2026-09-04 22:30:36
P00495,FRIPA S.A.S.,PAOLA CALVACHE,Orden de compra,Recibida completa,[MP00028] MOTA GUANABANA,3004.0,kg,1.3,3905.2,2026-07-02 16:58,2026-07-02 16:58,2026-07-06 11:16,,3905.2,2026-09-04 22:30:36
P00494,GUANABANA-BIG CIA.LTDA.,PAOLA CALVACHE,Orden de compra,Recibida completa,[MP00028] MOTA GUANABANA,3019.0,kg,1.4,4226.6,2026-07-02 16:57,2026-07-02 16:57,2026-07-06 11:12,,4226.6,2026-09-04 22:30:36
P00493,GELARDO RUIZ CLARA,PAOLA CALVACHE,Orden de compra,Recibida completa,[MP00022] PIÑA,2671.0,g,0.58,1549.18,2026-07-02 16:56,2026-07-03 16:56,2026-07-07 11:33,,1549.18,2026-09-04 22:30:36
P00492,DISTRIBUIDORA DESCALZI S.A.,PAOLA CALVACHE,Orden de compra,Recibida completa,[CAL006] PLACA PTRFLM RAPID MOHOS Y LEVADURAS,150.0,Units,1.7,255.0,2026-07-01 17:05,2026-07-01 17:05,2026-07-01 17:11,,293.25,2026-09-04 22:30:36
P00491,AYALA ANTE JOSE MANUEL,PAOLA CALVACHE,Orden de compra,Recibida completa,[MP00235] MORA DESPITONADA,300.0,kg,1.35,405.0,2026-07-01 16:56,2026-07-02 09:30,2026-07-06 11:18,,1455.0,2026-09-04 22:30:36
P00491,AYALA ANTE JOSE MANUEL,PAOLA CALVACHE,Orden de compra,Recibida completa,[MP00036] MORA TIPO B,1000.0,kg,1.05,1050.0,2026-07-01 16:56,2026-07-02 09:30,2026-07-06 11:18,,1455.0,2026-09-04 22:30:36
P00490,LLUGLLUNA CAIZA JOSE MIGUEL,PAOLA CALVACHE,Orden de compra,Recibida completa,[MP00007] FRUTILLA,913.0,kg,0.9,821.7,2026-07-01 16:55,2026-07-02 16:55,2026-07-02 16:58,,821.7,2026-09-04 22:30:36
P00489,CAISALITIN NAULA DARWIN PATRICIO,PAOLA CALVACHE,Orden de compra,Recibida completa,[MP00007] FRUTILLA,916.0,kg,0.9,824.4,2026-07-01 16:54,2026-07-02 16:54,2026-07-02 16:58,,824.4,2026-09-04 22:30:36
P00488,LAGUAQUIZA SANGUCHO SERGIO PAUL,PAOLA CALVACHE,Orden de compra,Recibida completa,[MP00007] FRUTILLA,422.0,kg,0.9,379.8,2026-07-01 16:54,2026-07-02 16:54,2026-07-02 16:57,,379.8,2026-09-04 22:30:36
P00487,COMERCIO EXTERIOR CECOMEX S.A.,PAOLA CALVACHE,Orden de compra,Recibida completa,[INS003] AIRBAG FUNDA PLASTICA 90X180 CM,60.0,Units,8.9,534.0,2026-07-01 11:16,2026-07-03 00:00,2026-07-07 12:33,,614.1,2026-09-04 22:30:36
P00486,Compania Nacional de Plasticos Conaplas S.A.,PAOLA CALVACHE,Orden de compra,Recibida completa,[CIN004] CINTA STRECH 50 CM,100.0,Units,6.4,640.0,2026-07-01 11:09,2026-07-13 00:00,2026-07-19 21:22,,736.0,2026-09-04 22:30:36
P00485,GRUPO DYMAP SCC.,PAOLA CALVACHE,Orden de compra,Recibida completa,[PAL0002] PALLET ESTANDAR DE MADERA 100X120 CM,40.0,Units,12.45,498.0,2026-07-01 11:06,2026-07-13 00:00,2026-07-15 16:08,,572.7,2026-09-04 22:30:36
P00484,LABMAREMI ECUADOR CIA.LTDA.,PAOLA CALVACHE,Orden de compra,Recibida completa,[INS018] KLEENEX SUPREME TOALLA DE MANO DOBLADA EN Z,20.0,Units,3.94,78.8,2026-07-01 10:50,2026-07-08 10:50,2026-07-07 12:45,,605.25,2026-09-04 22:30:36
P00484,LABMAREMI ECUADOR CIA.LTDA.,PAOLA CALVACHE,Orden de compra,Recibida completa,[INS009] FUNDA DE BASURA GRANDE 35X47 CM,100.0,Units,1.75,175.0,2026-07-01 10:50,2026-07-08 10:50,2026-07-07 12:45,,605.25,2026-09-04 22:30:36
P00484,LABMAREMI ECUADOR CIA.LTDA.,PAOLA CALVACHE,Orden de compra,Recibida completa,[INS029] GUANTE DESECHABLE TALLA M,10.0,Units,4.4,44.0,2026-07-01 10:50,2026-07-08 10:50,2026-07-07 12:45,,605.25,2026-09-04 22:30:36
P00484,LABMAREMI ECUADOR CIA.LTDA.,PAOLA CALVACHE,Orden de compra,Recibida completa,[INS030] GUANTE DESECHABLE TALLA L,10.0,Units,4.4,44.0,2026-07-01 10:50,2026-07-08 10:50,2026-07-07 12:45,,605.25,2026-09-04 22:30:36
P00484,LABMAREMI ECUADOR CIA.LTDA.,PAOLA CALVACHE,Orden de compra,Recibida completa,[INS016] JABON LIQUIDO DE MANOS,10.0,Units,14.85,148.5,2026-07-01 10:50,2026-07-08 10:50,2026-07-07 12:45,,605.25,2026-09-04 22:30:36
P00484,LABMAREMI ECUADOR CIA.LTDA.,PAOLA CALVACHE,Orden de compra,Recibida completa,[INS024] PAPEL HIGIENICO INDUSTRIAL,20.0,Units,1.8,36.0,2026-07-01 10:50,2026-07-08 10:50,2026-07-07 12:45,,605.25,2026-09-04 22:30:36
P00483,DISTRIBUIDORA DESCALZI S.A.,PAOLA CALVACHE,Orden de compra,Recibida completa,[MP00244] ESENCIA DE FRESA,11.799,kg,20.6,243.06,2026-07-01 10:43,2026-07-02 10:43,2026-07-07 13:09,,279.52,2026-09-04 22:30:36
P00482,QUIMERCO S.A.S,PAOLA CALVACHE,Orden de compra,Recibida completa,[MP00206] ALMIDON KOL GUARDO NG,181.44,kg,3.2,580.61,2026-07-01 10:33,2026-07-06 00:00,2026-07-07 13:11,,1398.0,2026-09-04 22:30:36
P00482,QUIMERCO S.A.S,PAOLA CALVACHE,Orden de compra,Recibida completa,[MP00120] FRUCTOSA,181.44,kg,3.5,635.04,2026-07-01 10:33,2026-07-06 00:00,2026-07-07 13:11,,1398.0,2026-09-04 22:30:36
P00480,CAJIAO BEJAR ALEXANDRA YOLANDA,PAOLA CALVACHE,Orden de compra,Recibida completa,[MP00213] DURAZNO GRADO 8,158.0,kg,1.05,165.9,2026-06-30 16:57,2026-06-30 16:57,2026-07-02 12:40,,165.9,2026-09-04 22:30:36
P00479,HERNANDEZ FREIRE DIANA MARICELA,PAOLA CALVACHE,Orden de compra,Recibida completa,[MP00213] DURAZNO GRADO 8,774.0,kg,1.432,1108.37,2026-06-30 16:57,2026-06-30 16:57,2026-07-02 12:40,,1108.37,2026-09-04 22:30:36
P00478,MINFARMS S.A.S.,PAOLA CALVACHE,Orden de compra,Recibida completa,[MP00028] MOTA GUANABANA,1000.0,kg,1.38,1380.0,2026-06-29 16:59,2026-06-30 15:00,2026-07-01 12:09,,1380.0,2026-09-04 22:30:36
P00477,CHIRIBOGA LOPEZ LUIS SANTIAGO,PAOLA CALVACHE,Orden de compra,Recibida completa,[MP00034] ARANDANO,500.0,kg,5.8,2900.0,2026-06-29 16:57,2026-06-30 10:00,2026-07-01 12:09,,2900.0,2026-09-04 22:30:36
P00475,CHAVEZ TORRES MARLENE LASTENIA,PAOLA CALVACHE,Orden de compra,Recibida completa,[MP00019] NARANJILLA,4000.0,kg,1.0,4000.0,2026-06-29 16:51,2026-06-30 11:30,2026-07-01 12:09,,4000.0,2026-09-04 22:30:36
P00474,AYALA CUVIÑA KERLY NASHELI,PAOLA CALVACHE,Orden de compra,Recibida completa,[MP00235] MORA DESPITONADA,300.0,kg,1.3,390.0,2026-06-29 16:50,2026-06-30 10:00,2026-07-01 12:09,,390.0,2026-09-04 22:30:36
P00473,AYALA CUVIÑA KERLY NASHELI,PAOLA CALVACHE,Orden de compra,Recibida completa,[MP00036] MORA TIPO B,500.0,kg,1.05,525.0,2026-06-29 16:50,2026-06-30 10:00,2026-07-01 12:08,,525.0,2026-09-04 22:30:36
P00472,JIMENEZ POZO OSCAR DAVID,PAOLA CALVACHE,Orden de compra,Recibida completa,[MP00036] MORA TIPO B,1000.0,kg,1.05,1050.0,2026-06-29 16:49,2026-06-30 09:30,2026-07-01 12:08,,1050.0,2026-09-04 22:30:36
P00471,AGUILAR CHUGA CRISTOPHER ALEXANDER,PAOLA CALVACHE,Orden de compra,Recibida completa,[MP00003] GUAYABA,4000.0,kg,0.75,3000.0,2026-06-29 16:48,2026-06-30 07:15,2026-06-30 12:08,,3000.0,2026-09-04 22:30:36
P00470,LLUGLLUNA CAIZA JOSE MIGUEL,PAOLA CALVACHE,Orden de compra,Recibida completa,[MP00154] FRUTILLA DESPITONADA PARA TOPPING,847.0,kg,1.04,880.88,2026-06-29 16:48,2026-06-30 07:48,2026-06-30 12:16,,880.88,2026-09-04 22:30:36
P00469,CAISALITIN NAULA DARWIN PATRICIO,PAOLA CALVACHE,Orden de compra,Recibida completa,[MP00154] FRUTILLA DESPITONADA PARA TOPPING,939.0,kg,1.0,939.0,2026-06-29 16:47,2026-06-29 16:47,2026-06-30 12:07,,939.0,2026-09-04 22:30:36
P00468,LAGUAQUIZA SANGUCHO SERGIO PAUL,PAOLA CALVACHE,Orden de compra,Recibida completa,[MP00154] FRUTILLA DESPITONADA PARA TOPPING,401.0,kg,1.03,413.03,2026-06-29 16:46,2026-06-29 16:46,2026-06-30 12:06,,413.03,2026-09-04 22:30:36
P00467,DIAZ LALANGUI PEDRO FRANCISCO,PAOLA CALVACHE,Bloqueada,Recibida completa,[MP00027] TAMARINDO,1367.0,kg,2.05,2802.35,2026-06-29 16:46,2026-06-29 16:46,2026-06-30 11:38,,2802.35,2026-09-04 22:30:36
P00465,FRIPA S.A.S.,PAOLA CALVACHE,Orden de compra,Recibida completa,[MP00028] MOTA GUANABANA,3002.0,kg,1.3,3902.6,2026-06-26 16:55,2026-06-26 16:55,2026-06-30 11:38,,3902.6,2026-09-04 22:30:36
P00464,GUANABANA-BIG CIA.LTDA.,PAOLA CALVACHE,Orden de compra,Recibida completa,[MP00028] MOTA GUANABANA,3017.0,kg,1.4,4223.8,2026-06-26 16:54,2026-06-26 16:54,2026-06-30 11:38,,4223.8,2026-09-04 22:30:36
P00463,NOGUERA GILER YOFFRE GEOVANNY,PAOLA CALVACHE,Orden de compra,Recibida completa,[MP00014] MARACUYA,10598.0,kg,0.71,7524.58,2026-06-26 16:50,2026-06-27 16:50,2026-06-30 10:12,,7524.58,2026-09-04 22:30:36
P00462,LISINTUÑA AYALA EDISON JOEL,PAOLA CALVACHE,Orden de compra,Recibida completa,[MP00016] MORA DE CASTILLA,1191.0,kg,1.42,1691.22,2026-06-25 21:40,2026-06-25 21:40,2026-06-29 10:26,,1691.22,2026-09-04 22:30:36
P00461,QUERIDO LISINTUÑA SONIA TERESA,PAOLA CALVACHE,Orden de compra,Recibida completa,[MP00242] MORA CATEGORIA 1,264.0,kg,1.5,396.0,2026-06-25 21:39,2026-06-26 21:39,2026-06-29 10:26,,396.0,2026-09-04 22:30:36
P00460,QUISHPE LISINTUÑA RICARDO SEBASTIAN,PAOLA CALVACHE,Orden de compra,Recibida completa,[MP00016] MORA DE CASTILLA,214.0,kg,1.42,303.88,2026-06-25 21:39,2026-06-25 21:39,2026-06-29 10:25,,303.88,2026-09-04 22:30:36
P00459,SILVA ARMIJOS JESSICA DANIELA,PAOLA CALVACHE,Orden de compra,Recibida completa,[MP00016] MORA DE CASTILLA,774.0,kg,1.42,1099.08,2026-06-25 21:38,2026-06-25 21:38,2026-06-29 10:28,,1099.08,2026-09-04 22:30:36
P00457,Ronquillo Cerda Braulio Mauricio,PAOLA CALVACHE,Orden de compra,Recibida completa,[MP00036] MORA TIPO B,1500.0,kg,1.1,1650.0,2026-06-25 21:34,2026-06-26 13:00,2026-06-29 10:28,,1650.0,2026-09-04 22:30:36
P00456,DIAZ LALANGUI PEDRO FRANCISCO,PAOLA CALVACHE,Orden de compra,Recibida completa,[MP00028] MOTA GUANABANA,1004.0,kg,1.4,1405.6,2026-06-25 21:33,2026-06-25 21:33,2026-06-29 10:22,,1405.6,2026-09-04 22:30:36
P00455,PEÑAHERRERA RODRIGUEZ WILLIAM RENE,PAOLA CALVACHE,Orden de compra,Recibida completa,[MP00030] LIMON MEYER,771.0,kg,0.35,269.85,2026-06-25 21:28,2026-06-25 21:28,2026-06-29 09:37,,269.85,2026-09-04 22:30:36
P00454,COMPANIA DE TRANSPORTE TYDCOSERVICES S.A.,PAOLA CALVACHE,Orden de compra,Recibida completa,[INS032] Diesel,1000.0,Units,4.1951,4195.08,2026-06-25 08:36,2026-06-26 07:36,2026-06-26 18:45,,4824.34,2026-09-04 22:30:36
P00453,AYALA ANTE JOSE MANUEL,PAOLA CALVACHE,Orden de compra,Recibida completa,[MP00036] MORA TIPO B,1642.0,kg,1.1,1806.2,2026-06-24 16:46,2026-06-24 16:46,2026-06-29 10:21,,1806.2,2026-09-04 22:30:36
P00452,HERNANDEZ FREIRE DIANA MARICELA,PAOLA CALVACHE,Orden de compra,Recibida completa,[MP00213] DURAZNO GRADO 8,436.0,kg,1.445,630.02,2026-06-24 12:25,2026-06-24 08:25,2026-06-25 12:53,,630.02,2026-09-04 22:30:36
P00451,Corrugadora Nacional Cransa S.A.,PAOLA CALVACHE,Orden de compra,Recibida completa,[CAJ303] CAJA GOYA UE PULPA MORA,587.0,Units,0.291,170.82,2026-06-23 11:49,2026-06-23 11:49,2026-06-25 12:05,,196.44,2026-09-04 22:30:36
P00450,MILANPLASTIC S A,PAOLA CALVACHE,Orden de compra,Recibida completa,[FUN103] FUNDA MERICA PULPA DE MARACUYA 250 g,13600.0,Units,0.0346,470.56,2026-06-23 11:44,2026-06-23 11:44,2026-06-25 12:05,,541.14,2026-09-04 22:30:36
P00449,CASTRO SALCEDO JOSE CARLOS,PAOLA CALVACHE,Orden de compra,Recibida completa,[EGS003] GAVETAS PLASTICAS,300.0,Units,3.0,900.0,2026-06-23 17:02,2026-06-23 17:02,2026-06-24 12:11,,900.0,2026-09-04 22:30:36
P00448,MINFARMS S.A.S.,PAOLA CALVACHE,Orden de compra,Recibida completa,[MP00028] MOTA GUANABANA,983.0,kg,1.38,1356.54,2026-06-23 16:55,2026-06-23 15:05,2026-06-26 18:59,,1356.54,2026-09-04 22:30:36
P00447,ENRIQUEZ PEREZ LAURA ELINA,PAOLA CALVACHE,Orden de compra,Recibida completa,[MP00154] FRUTILLA DESPITONADA PARA TOPPING,796.0,kg,1.03,819.88,2026-06-23 16:52,2026-06-23 16:52,2026-06-25 11:57,,819.88,2026-09-04 22:30:36
P00446,MILANPLASTIC S A,PAOLA CALVACHE,Orden de compra,Recibida completa,[FUN106] FUNDA MERICA PULPA GUANABANA 250 g,35000.0,Units,0.0346,1211.0,2026-06-23 12:51,2026-06-16 12:51,2026-06-23 13:13,,1392.65,2026-09-04 22:30:36
P00445,CHAVEZ TORRES MARLENE LASTENIA,PAOLA CALVACHE,Orden de compra,Recibida completa,[MP00019] NARANJILLA,6730.0,kg,1.0,6730.0,2026-06-22 16:57,2026-06-23 16:57,2026-06-24 12:22,,6730.0,2026-09-04 22:30:36
P00444,JIMENEZ POZO OSCAR DAVID,PAOLA CALVACHE,Orden de compra,Recibida completa,[MP00036] MORA TIPO B,1332.0,kg,1.1,1465.2,2026-06-22 16:56,2026-06-23 16:56,2026-06-24 12:22,,1465.2,2026-09-04 22:30:36
P00443,LLUGLLUNA CAIZA JOSE MIGUEL,PAOLA CALVACHE,Orden de compra,Recibida completa,[MP00154] FRUTILLA DESPITONADA PARA TOPPING,835.0,kg,1.04,868.4,2026-06-22 16:53,2026-06-22 16:53,2026-06-24 12:21,,868.4,2026-09-04 22:30:36
P00442,VILLAVICENCIO VERA KARLA VIVIANA,PAOLA CALVACHE,Orden de compra,Recibida completa,[MP00003] GUAYABA,7569.0,kg,0.9,6812.1,2026-06-22 16:50,2026-06-22 16:50,2026-06-24 12:21,,6812.1,2026-09-04 22:30:36
P00441,DISTRIBUIDORA DESCALZI S.A.,PAOLA CALVACHE,Orden de compra,Recibida completa,[MP00239] COLORANTE BETACAROTENO LIQUIDO DAIRY WARM ORANGE,10.0,kg,75.0,750.0,2026-06-21 22:30,2026-06-23 00:00,2026-06-30 09:59,,862.5,2026-09-04 22:30:36
P00440,AROMCOLOR S.A.S.,PAOLA CALVACHE,Orden de compra,Recibida completa,[MP00247] ESENCIA DE DURAZNO NATURAL,1.0,kg,47.0,47.0,2026-06-21 22:28,2026-07-08 00:00,2026-07-21 21:14,,54.05,2026-09-04 22:30:36
P00439,ZURITA AGUILAR JESSICA TATIANA,PAOLA CALVACHE,Orden de compra,Recibida completa,[INS023] PAPEL CAFE WYPALL 300 M,30.0,Units,6.15,184.5,2026-06-21 22:26,2026-06-23 00:00,2026-06-26 18:37,,212.18,2026-09-04 22:30:36
P00438,LABMAREMI ECUADOR CIA.LTDA.,PAOLA CALVACHE,Orden de compra,Recibida parcial,[INS018] KLEENEX SUPREME TOALLA DE MANO DOBLADA EN Z,54.0,Units,3.94,212.76,2026-06-21 22:25,2026-06-24 00:00,2026-06-24 12:11,Sí,244.67,2026-09-04 22:30:36
P00437,FRIPA S.A.S.,PAOLA CALVACHE,Orden de compra,Recibida completa,[MP00028] MOTA GUANABANA,3046.0,kg,1.3,3959.8,2026-06-21 19:25,2026-06-21 19:25,2026-06-24 11:45,,3959.8,2026-09-04 22:30:36
P00436,GUANABANA-BIG CIA.LTDA.,PAOLA CALVACHE,Orden de compra,Recibida completa,[MP00028] MOTA GUANABANA,3016.0,kg,1.4,4222.4,2026-06-21 19:24,2026-06-21 19:24,2026-06-24 11:45,,4222.4,2026-09-04 22:30:36
P00435,EVIAS PAEZ LEONELA ANDREINA,PAOLA CALVACHE,Orden de compra,Recibida completa,[MP00034] ARANDANO,885.0,kg,6.95,6150.75,2026-06-21 19:23,2026-06-21 19:23,2026-06-24 12:20,,6150.75,2026-09-04 22:30:36
P00434,DIAZ LALANGUI PEDRO FRANCISCO,PAOLA CALVACHE,Orden de compra,Recibida completa,[MP00027] TAMARINDO,1095.0,kg,2.05,2244.75,2026-06-21 19:22,2026-06-23 06:30,2026-06-24 12:21,,2244.75,2026-09-04 22:30:36
P00433,CAISALITIN NAULA DARWIN PATRICIO,PAOLA CALVACHE,Orden de compra,Recibida completa,[MP00221] FRUTILLA DESPITONADA PARA PICAR,705.0,kg,1.0,705.0,2026-06-21 19:22,2026-06-21 19:22,2026-06-23 10:50,,705.0,2026-09-04 22:30:36
P00432,LAGUAQUIZA SANGUCHO SERGIO PAUL,PAOLA CALVACHE,Orden de compra,Recibida completa,[MP00221] FRUTILLA DESPITONADA PARA PICAR,410.0,kg,1.03,422.3,2026-06-21 19:21,2026-06-21 19:21,2026-06-23 10:52,,422.3,2026-09-04 22:30:36
P00431,LLUGLLUNA CAIZA JOSE MIGUEL,PAOLA CALVACHE,Orden de compra,Recibida completa,[MP00221] FRUTILLA DESPITONADA PARA PICAR,744.0,kg,1.04,773.76,2026-06-21 19:20,2026-06-21 19:20,2026-06-23 10:55,,773.76,2026-09-04 22:30:36
P00429,GELARDO RUIZ CLARA,PAOLA CALVACHE,Orden de compra,Recibida completa,[MP00022] PIÑA,1012.0,kg,0.57,576.84,2026-06-19 16:52,2026-06-20 16:52,2026-06-23 10:58,,576.84,2026-09-04 22:30:36
P00427,Corrugadora Nacional Cransa S.A.,PAOLA CALVACHE,Orden de compra,Recibida completa,[CAJ202] CAJA GOYA USA PULPA DE GUAYABA,2000.0,Units,0.301,602.0,2026-06-19 15:36,2026-07-13 00:00,2026-07-15 16:08,,692.3,2026-09-04 22:30:36
P00426,Corrugadora Nacional Cransa S.A.,PAOLA CALVACHE,Orden de compra,Recibida completa,[CAJ202] CAJA GOYA USA PULPA DE GUAYABA,3013.0,Units,0.301,906.91,2026-06-19 15:36,2026-07-14 15:36,2026-07-02 21:58,,1042.95,2026-09-04 22:30:36
P00425,Corrugadora Nacional Cransa S.A.,PAOLA CALVACHE,Orden de compra,Recibida completa,[CAJ302] CAJA GOYA UE PULPA GUAYABA,760.0,Units,0.291,221.16,2026-06-19 15:34,2026-08-18 15:34,2026-08-19 12:55,,493.61,2026-09-04 22:30:36
P00425,Corrugadora Nacional Cransa S.A.,PAOLA CALVACHE,Orden de compra,Recibida completa,[CAJ307] CAJA GOYA UE PULPA TOMATE ARBOL,715.0,Units,0.291,208.07,2026-06-19 15:34,2026-08-18 15:34,2026-08-19 12:55,,493.61,2026-09-04 22:30:36
P00424,Corrugadora Nacional Cransa S.A.,PAOLA CALVACHE,Orden de compra,Recibida completa,[CAJ303] CAJA GOYA UE PULPA MORA,3000.0,Units,0.291,873.0,2026-06-19 15:22,2026-08-10 00:00,2026-08-17 11:19,,1184.66,2026-09-04 22:30:36
P00424,Corrugadora Nacional Cransa S.A.,PAOLA CALVACHE,Orden de compra,Recibida completa,[CAJ300] CAJA GOYA UE MORA ENTERA,540.0,Units,0.291,157.14,2026-06-19 15:22,2026-08-10 00:00,2026-08-17 11:19,,1184.66,2026-09-04 22:30:36
P00423,MILANPLASTIC S A,PAOLA CALVACHE,Orden de compra,Recibida completa,[FUN303] FUNDA GOYA UE PULPA MORA 250 g,55000.0,Units,0.0316,1738.0,2026-06-19 15:19,2026-08-13 00:00,2026-08-17 16:19,,1998.7,2026-09-04 22:30:36
P00422,Corrugadora Nacional Cransa S.A.,PAOLA CALVACHE,Orden de compra,Recibida completa,[CAJ303] CAJA GOYA UE PULPA MORA,2000.0,Units,0.291,582.0,2026-06-19 15:13,2026-07-20 00:00,2026-07-24 15:30,,669.3,2026-09-04 22:30:36
P00421,Corrugadora Nacional Cransa S.A.,PAOLA CALVACHE,Orden de compra,Recibida completa,[CAJ201] CAJA GOYA USA PULPA DE GUANABANA,2500.0,Units,0.301,752.5,2026-06-19 15:09,2026-08-02 00:00,2026-08-12 09:49,,865.38,2026-09-04 22:30:36
P00420,Corrugadora Nacional Cransa S.A.,PAOLA CALVACHE,Orden de compra,Recibida completa,[CAJ204] CAJA GOYA USA PULPA DE MANGO,2000.0,Units,0.301,602.0,2026-06-19 15:08,2026-07-20 00:00,2026-07-24 15:30,,692.3,2026-09-04 22:30:36
P00419,Corrugadora Nacional Cransa S.A.,PAOLA CALVACHE,Orden de compra,Recibida completa,[CAJ201] CAJA GOYA USA PULPA DE GUANABANA,2500.0,Units,0.301,752.5,2026-06-19 15:07,2026-07-13 00:00,2026-07-15 16:09,,865.38,2026-09-04 22:30:36
P00418,Corrugadora Nacional Cransa S.A.,PAOLA CALVACHE,Orden de compra,Recibida completa,[CAJ201] CAJA GOYA USA PULPA DE GUANABANA,2730.0,Units,0.301,821.73,2026-06-19 14:59,2026-07-14 14:59,2026-07-02 21:58,,1295.29,2026-09-04 22:30:36
P00418,Corrugadora Nacional Cransa S.A.,PAOLA CALVACHE,Orden de compra,Recibida completa,[CAJ209] CAJA GOYA USA PULPA DE TOMATE DE ARBOL,1012.0,Units,0.301,304.61,2026-06-19 14:59,2026-07-14 14:59,2026-07-02 21:58,,1295.29,2026-09-04 22:30:36
P00417,Corrugadora Nacional Cransa S.A.,PAOLA CALVACHE,Orden de compra,Recibida completa,[CAJ202] CAJA GOYA USA PULPA DE GUAYABA,2137.0,Units,0.301,643.24,2026-06-19 12:07,2026-07-14 12:07,2026-06-26 01:31,,739.73,2026-09-04 22:30:36
P00416,LISINTUÑA AYALA EDISON JOEL,PAOLA CALVACHE,Orden de compra,Recibida completa,[MP00016] MORA DE CASTILLA,1415.0,kg,1.42,2009.3,2026-06-18 16:39,2026-06-18 16:39,2026-06-23 13:17,,2009.3,2026-09-04 22:30:36
P00415,QUERIDO LISINTUÑA SONIA TERESA,PAOLA CALVACHE,Orden de compra,Recibida completa,[MP00016] MORA DE CASTILLA,117.0,kg,1.42,166.14,2026-06-18 16:38,2026-06-18 16:38,2026-06-23 13:17,,427.14,2026-09-04 22:30:36
P00415,QUERIDO LISINTUÑA SONIA TERESA,PAOLA CALVACHE,Orden de compra,Recibida completa,[MP00242] MORA CATEGORIA 1,174.0,kg,1.5,261.0,2026-06-18 16:38,2026-06-18 16:38,2026-06-23 13:17,,427.14,2026-09-04 22:30:36
P00414,Ronquillo Cerda Braulio Mauricio,PAOLA CALVACHE,Orden de compra,Recibida completa,[MP00036] MORA TIPO B,1249.0,kg,1.1,1373.9,2026-06-18 16:34,2026-06-18 16:34,2026-06-23 13:16,,1373.9,2026-09-04 22:30:36
P00413,QUISHPE LISINTUÑA RICARDO SEBASTIAN,PAOLA CALVACHE,Orden de compra,Recibida completa,[MP00016] MORA DE CASTILLA,364.0,kg,1.42,516.88,2026-06-18 16:30,2026-06-18 16:30,2026-06-23 13:16,,516.88,2026-09-04 22:30:36
P00412,SILVA ARMIJOS JESSICA DANIELA,PAOLA CALVACHE,Orden de compra,Recibida completa,[MP00016] MORA DE CASTILLA,1008.0,kg,1.42,1431.36,2026-06-18 16:30,2026-06-18 16:30,2026-06-23 11:11,,1431.36,2026-09-04 22:30:36
P00411,LISINTUÑA TIPAN CARMEN MARIA,PAOLA CALVACHE,Orden de compra,Recibida completa,[MP00016] MORA DE CASTILLA,1524.0,kg,1.42,2164.08,2026-06-18 16:27,2026-06-19 16:27,2026-06-23 13:18,,2164.08,2026-09-04 22:30:36
P00410,AGUILAR CHUGA CRISTOPHER ALEXANDER,PAOLA CALVACHE,Orden de compra,Recibida completa,[MP00003] GUAYABA,4236.0,kg,0.8,3388.8,2026-06-18 16:26,2026-06-18 16:26,2026-06-23 10:19,,3388.8,2026-09-04 22:30:36
P00409,MILANPLASTIC S A,PAOLA CALVACHE,Orden de compra,Recibida completa,[FUN105] FUNDA MERICA PULPA DE NARANJILLA 250 g,69500.0,Units,0.0346,2404.7,2026-06-18 12:05,2026-06-16 12:05,2026-06-22 13:29,,2765.41,2026-09-04 22:30:36
P00408,MILANPLASTIC S A,PAOLA CALVACHE,Orden de compra,Recibida completa,[FUN106] FUNDA MERICA PULPA GUANABANA 250 g,35300.0,Units,0.0346,1221.38,2026-06-18 12:04,2026-06-19 12:04,2026-06-22 13:29,,1404.59,2026-09-04 22:30:36
P00407,COMERCIO EXTERIOR CECOMEX S.A.,PAOLA CALVACHE,Orden de compra,Recibida completa,[INS003] AIRBAG FUNDA PLASTICA 90X180 CM,70.0,Units,8.9,623.0,2026-06-18 08:51,2026-06-22 00:00,2026-06-24 10:28,,716.45,2026-09-04 22:30:36
P00406,DIAZ LALANGUI PEDRO FRANCISCO,PAOLA CALVACHE,Orden de compra,Recibida completa,[MP00028] MOTA GUANABANA,751.0,kg,1.4,1051.4,2026-06-17 16:51,2026-06-17 16:51,2026-06-20 11:38,,1051.4,2026-09-04 22:30:36
P00405,AYALA ANTE JOSE MANUEL,PAOLA CALVACHE,Orden de compra,Recibida completa,[MP00036] MORA TIPO B,900.0,kg,1.1,990.0,2026-06-17 16:50,2026-06-18 09:10,2026-06-18 15:55,,990.0,2026-09-04 22:30:36
P00404,MILANPLASTIC S A,PAOLA CALVACHE,Orden de compra,Recibida parcial,[ROL205] ROLLO FUNDA GOYA USA PULPA DE MARACUYA 12X14 OZ,300.0,kg,6.2,1860.0,2026-06-17 15:34,2026-08-13 00:00,2026-08-19 11:58,Sí,5839.13,2026-09-04 22:30:36
P00404,MILANPLASTIC S A,PAOLA CALVACHE,Orden de compra,Recibida parcial,[FUN204] FUNDA GOYA USA PULPA DE MANGO,65000.0,Units,0.0495,3217.5,2026-06-17 15:34,2026-08-13 00:00,2026-08-19 11:58,Sí,5839.13,2026-09-04 22:30:36
P00403,Corrugadora Nacional Cransa S.A.,PAOLA CALVACHE,Orden de compra,Recibida completa,"[CAJ100] CAJA MERICA 2,5 KG",8000.0,Units,0.262,2096.0,2026-06-17 15:33,2026-08-02 00:00,2026-08-11 11:55,,2410.4,2026-09-04 22:30:36
P00402,MILANPLASTIC S A,PAOLA CALVACHE,Orden de compra,Recibida completa,[FUN202] FUNDA GOYA USA PULPA DE GUAYABA,65000.0,Units,0.0495,3217.5,2026-06-17 15:26,2026-08-13 00:00,2026-08-21 09:23,,6501.35,2026-09-04 22:30:36
P00402,MILANPLASTIC S A,PAOLA CALVACHE,Orden de compra,Recibida completa,[FUN102] FUNDA MERICA PULPA DE MANGO 250 g,70400.0,Units,0.0346,2435.84,2026-06-17 15:26,2026-06-18 15:26,2026-08-21 09:23,,6501.35,2026-09-04 22:30:36
P00401,MILANPLASTIC S A,PAOLA CALVACHE,Orden de compra,Pendiente recepción,[FUN109] FUNDA MERICA PULPA TAMARINDO 250 g,65000.0,Units,0.0346,2249.0,2026-06-17 15:21,2026-09-02 00:00,,Sí,5172.7,2026-09-04 22:30:36
P00401,MILANPLASTIC S A,PAOLA CALVACHE,Orden de compra,Pendiente recepción,[FUN106] FUNDA MERICA PULPA GUANABANA 250 g,65000.0,Units,0.0346,2249.0,2026-06-17 15:21,2026-09-02 00:00,,Sí,5172.7,2026-09-04 22:30:36
P00400,Corrugadora Nacional Cransa S.A.,PAOLA CALVACHE,Orden de compra,Recibida completa,[CAJ208] CAJA GOYA USA PULPA DE PIÑA,1000.0,Units,0.301,301.0,2026-06-17 15:17,2026-07-20 00:00,2026-07-24 15:32,,346.15,2026-09-04 22:30:36
P00399,MILANPLASTIC S A,PAOLA CALVACHE,Orden de compra,Recibida completa,[FUN201] FUNDA GOYA USA PULPA DE GUANABANA,65000.0,Units,0.0496,3224.0,2026-06-17 15:13,2026-08-13 15:13,2026-08-17 16:17,,5881.54,2026-09-04 22:30:36
P00399,MILANPLASTIC S A,PAOLA CALVACHE,Orden de compra,Recibida completa,[ROL201] ROLLO FUNDA GOYA USA PULPA DE  GUANABANA 12X14 OZ,304.9,kg,6.2,1890.38,2026-06-17 15:13,2026-08-13 15:13,2026-08-17 16:17,,5881.54,2026-09-04 22:30:36
P00398,Corrugadora Nacional Cransa S.A.,PAOLA CALVACHE,Orden de compra,Recibida completa,[CAJ203] CAJA GOYA USA PULPA DE LULO,1000.0,Units,0.301,301.0,2026-06-17 15:09,2026-07-15 00:00,2026-07-21 21:16,,2925.03,2026-09-04 22:30:36
P00398,Corrugadora Nacional Cransa S.A.,PAOLA CALVACHE,Orden de compra,Recibida completa,"[CAJ100] CAJA MERICA 2,5 KG",8000.0,Units,0.262,2096.0,2026-06-17 15:09,2026-07-15 00:00,2026-07-21 21:16,,2925.03,2026-09-04 22:30:36
P00398,Corrugadora Nacional Cransa S.A.,PAOLA CALVACHE,Orden de compra,Recibida completa,[CAJ107] CAJA MERICA MARACUYA CON PEPAS,500.0,Units,0.293,146.5,2026-06-17 15:09,2026-07-15 00:00,2026-07-21 21:16,,2925.03,2026-09-04 22:30:36
P00397,Corrugadora Nacional Cransa S.A.,PAOLA CALVACHE,Orden de compra,Recibida completa,[CAJ207] CAJA GOYA USA PULPA DE PAPAYA,586.0,Units,0.301,176.39,2026-06-17 15:08,2026-07-12 15:08,2026-07-08 12:46,,202.85,2026-09-04 22:30:36
P00396,Corrugadora Nacional Cransa S.A.,PAOLA CALVACHE,Orden de compra,Recibida completa,[CAJ204] CAJA GOYA USA PULPA DE MANGO,2059.0,Units,0.301,619.76,2026-06-17 15:03,2026-07-12 15:03,2026-07-02 21:59,,712.72,2026-09-04 22:30:36
P00395,GARCES ERAZO ESTEBAN ISRAEL,PAOLA CALVACHE,Orden de compra,Recibida completa,[MP00012] TOMATE DE ARBOL,2100.0,kg,1.25,2625.0,2026-06-16 17:01,2026-06-17 10:01,2026-06-18 15:58,,2625.0,2026-09-04 22:30:36
P00394,GELARDO RUIZ CLARA,PAOLA CALVACHE,Orden de compra,Recibida completa,[MP00022] PIÑA,5900.0,kg,0.52,3068.0,2026-06-16 17:00,2026-06-17 06:00,2026-06-17 16:08,,3068.0,2026-09-04 22:30:36
P00393,MILANPLASTIC S A,PAOLA CALVACHE,Orden de compra,Recibida completa,[FUN202] FUNDA GOYA USA PULPA DE GUAYABA,36000.0,Units,0.0496,1785.6,2026-06-16 14:09,2026-06-10 14:09,2026-06-16 14:57,,2053.44,2026-09-04 22:30:36
P00392,CHIRIBOGA LOPEZ LUIS SANTIAGO,PAOLA CALVACHE,Orden de compra,Recibida completa,[MP00034] ARANDANO,285.0,kg,5.8,1653.0,2026-06-16 08:57,2026-06-16 08:57,2026-06-17 14:15,,1653.0,2026-09-04 22:30:36
P00391,MINFARMS S.A.S.,PAOLA CALVACHE,Orden de compra,Recibida completa,[MP00028] MOTA GUANABANA,1000.0,kg,1.38,1380.0,2026-06-15 17:10,2026-06-16 15:10,2026-06-18 12:06,,1380.0,2026-09-04 22:30:36
P00390,JIMENEZ POZO OSCAR DAVID,PAOLA CALVACHE,Orden de compra,Recibida completa,[MP00036] MORA TIPO B,1146.0,kg,1.15,1317.9,2026-06-15 17:06,2026-06-16 17:06,2026-06-17 14:15,,1317.9,2026-09-04 22:30:36
P00389,LUCIO GARCIA FELIX ANCELMO,PAOLA CALVACHE,Orden de compra,Recibida completa,[MP00020] PAPAYA,2051.0,kg,1.15,2358.65,2026-06-15 17:04,2026-06-16 17:04,2026-06-17 09:21,,2358.65,2026-09-04 22:30:36
P00388,TITADSU,PAOLA CALVACHE,Orden de compra,Recibida completa,[INS017] KIT DE SEGURIDAD PARA CONTENEDORES,20.0,Units,4.49,89.8,2026-06-15 16:26,2026-06-15 16:26,2026-06-17 14:11,,103.27,2026-09-04 22:30:36
P00387,QUICORNAC S.A.,PAOLA CALVACHE,Orden de compra,Recibida completa,[MP00039] PULPA MANGO ASEPTICO,1320.0,kg,0.9,1188.0,2026-06-15 15:07,2026-07-15 15:07,2026-07-19 21:47,,11262.0,2026-09-04 22:30:36
P00387,QUICORNAC S.A.,PAOLA CALVACHE,Orden de compra,Recibida completa,[MP00024] CONCENTRADO DE GUAYABA,2200.0,kg,2.2,4840.0,2026-06-15 15:07,2026-07-15 15:07,2026-07-19 21:47,,11262.0,2026-09-04 22:30:36
P00387,QUICORNAC S.A.,PAOLA CALVACHE,Orden de compra,Recibida completa,[MP00025] CONCENTRADO DE MANGO,3220.0,kg,1.4,4508.0,2026-06-15 15:07,2026-07-15 15:07,2026-07-19 21:47,,11262.0,2026-09-04 22:30:36
P00386,NOGUERA GILER YOFFRE GEOVANNY,PAOLA CALVACHE,Orden de compra,Recibida completa,[MP00014] MARACUYA,7468.0,kg,0.71,5302.28,2026-06-12 17:11,2026-06-13 17:11,2026-06-16 12:30,,5302.28,2026-09-04 22:30:36
P00385,SMART CHEMISTRY SMACH S.A.,PAOLA CALVACHE,Orden de compra,Recibida completa,[INS001] ACIDO PERACETICO 15%,46.0,kg,5.92,272.32,2026-06-12 16:28,2026-08-03 00:00,2026-08-04 10:27,,313.17,2026-09-04 22:30:36
P00384,APRACOM S.A.,PAOLA CALVACHE,Orden de compra,Recibida parcial,[INS007] CLORO 10%,20.0,kg,0.95,19.0,2026-06-12 16:21,2026-07-21 00:00,2026-07-26 12:33,Sí,149.5,2026-09-04 22:30:36
P00384,APRACOM S.A.,PAOLA CALVACHE,Orden de compra,Recibida parcial,[INS014] JABON BC ALK CLOR,60.0,kg,1.85,111.0,2026-06-12 16:21,2026-07-21 00:00,2026-07-26 12:33,Sí,149.5,2026-09-04 22:30:36
P00383,SMART CHEMISTRY SMACH S.A.,PAOLA CALVACHE,Orden de compra,Recibida completa,[INS001] ACIDO PERACETICO 15%,69.0,kg,5.92,408.48,2026-06-12 16:06,2026-07-14 00:00,2026-07-14 21:43,,469.75,2026-09-04 22:30:36
P00382,APRACOM S.A.,PAOLA CALVACHE,Orden de compra,Recibida completa,[INS007] CLORO 10%,20.0,kg,0.95,19.0,2026-06-12 16:04,2026-07-07 00:00,2026-07-07 13:12,,319.7,2026-09-04 22:30:36
P00382,APRACOM S.A.,PAOLA CALVACHE,Orden de compra,Recibida completa,[INS014] JABON BC ALK CLOR,60.0,kg,1.85,111.0,2026-06-12 16:04,2026-07-07 00:00,2026-07-07 13:12,,319.7,2026-09-04 22:30:36
P00382,APRACOM S.A.,PAOLA CALVACHE,Orden de compra,Recibida completa,[INS013] JABON ALK 25,80.0,kg,1.85,148.0,2026-06-12 16:04,2026-06-13 16:04,2026-07-07 13:12,,319.7,2026-09-04 22:30:36
P00381,APRACOM S.A.,PAOLA CALVACHE,Orden de compra,Recibida completa,[INS013] JABON ALK 25,40.0,kg,1.85,74.0,2026-06-12 16:03,2026-06-23 00:00,2026-07-01 11:39,,170.2,2026-09-04 22:30:36
P00381,APRACOM S.A.,PAOLA CALVACHE,Orden de compra,Recibida completa,[INS014] JABON BC ALK CLOR,40.0,kg,1.85,74.0,2026-06-12 16:03,2026-06-23 00:00,2026-07-01 11:39,,170.2,2026-09-04 22:30:36
P00380,SMART CHEMISTRY SMACH S.A.,PAOLA CALVACHE,Orden de compra,Recibida completa,[INS001] ACIDO PERACETICO 15%,69.0,kg,5.92,408.48,2026-06-12 16:01,2026-06-23 00:00,2026-06-24 11:51,,469.75,2026-09-04 22:30:36
P00379,TOP TRADING TOPTRA CIA. LTDA.,PAOLA CALVACHE,Orden de compra,Recibida completa,[MP00122] GOMA XHANTAN,50.0,kg,4.958,247.9,2026-06-12 15:43,2026-06-15 00:00,2026-06-16 09:48,,285.09,2026-09-04 22:30:36
P00378,LABMAREMI ECUADOR CIA.LTDA.,PAOLA CALVACHE,Orden de compra,Recibida completa,[INS029] GUANTE DESECHABLE TALLA M,20.0,Units,4.4,88.0,2026-06-12 15:41,2026-06-18 00:00,2026-06-19 10:37,,303.03,2026-09-04 22:30:36
P00378,LABMAREMI ECUADOR CIA.LTDA.,PAOLA CALVACHE,Orden de compra,Recibida completa,[INS030] GUANTE DESECHABLE TALLA L,20.0,Units,4.4,88.0,2026-06-12 15:41,2026-06-18 00:00,2026-06-19 10:37,,303.03,2026-09-04 22:30:36
P00378,LABMAREMI ECUADOR CIA.LTDA.,PAOLA CALVACHE,Orden de compra,Recibida completa,[INS009] FUNDA DE BASURA GRANDE 35X47 CM,50.0,Units,1.75,87.5,2026-06-12 15:41,2026-06-19 00:00,2026-06-19 10:37,,303.03,2026-09-04 22:30:36
P00377,TOP TRADING TOPTRA CIA. LTDA.,PAOLA CALVACHE,Orden de compra,Recibida completa,[MP00056] ACIDO ASCORBICO,50.0,kg,5.81,290.5,2026-06-12 15:22,2026-06-15 00:00,2026-06-16 09:48,,407.68,2026-09-04 22:30:36
P00377,TOP TRADING TOPTRA CIA. LTDA.,PAOLA CALVACHE,Orden de compra,Recibida completa,[MP00057] ACIDO CITRICO,50.0,kg,1.28,64.0,2026-06-12 15:22,2026-06-15 00:00,2026-06-16 09:48,,407.68,2026-09-04 22:30:36
P00376,MILANPLASTIC S A,PAOLA CALVACHE,Orden de compra,Recibida completa,[FUN201] FUNDA GOYA USA PULPA DE GUANABANA,27000.0,Units,0.0496,1339.2,2026-06-12 11:55,2026-06-13 11:55,2026-06-12 12:07,,1540.08,2026-09-04 22:30:36
P00374,LISINTUÑA TIPAN CARMEN MARIA,PAOLA CALVACHE,Orden de compra,Recibida completa,[MP00016] MORA DE CASTILLA,1201.0,kg,1.42,1705.42,2026-06-11 16:53,2026-06-12 16:53,2026-06-16 12:37,,1705.42,2026-09-04 22:30:36
P00373,LISINTUÑA AYALA EDISON JOEL,PAOLA CALVACHE,Orden de compra,Recibida completa,[MP00016] MORA DE CASTILLA,939.0,kg,1.42,1333.38,2026-06-11 16:49,2026-06-11 16:49,2026-06-16 12:37,,1333.38,2026-09-04 22:30:36
P00372,QUERIDO LISINTUÑA SONIA TERESA,PAOLA CALVACHE,Orden de compra,Recibida completa,[MP00016] MORA DE CASTILLA,624.0,kg,1.42,886.08,2026-06-11 16:47,2026-06-11 16:47,2026-06-16 12:37,,886.08,2026-09-04 22:30:36
P00371,QUERIDO LISINTUÑA SONIA TERESA,PAOLA CALVACHE,Orden de compra,Recibida completa,[MP00242] MORA CATEGORIA 1,75.0,kg,1.5,112.5,2026-06-11 16:44,2026-06-11 16:44,2026-06-16 12:37,,112.5,2026-09-04 22:30:36
P00370,Ronquillo Cerda Braulio Mauricio,PAOLA CALVACHE,Orden de compra,Recibida completa,[MP00235] MORA DESPITONADA,324.0,kg,1.4,453.6,2026-06-11 16:42,2026-06-11 16:42,2026-06-16 12:37,,453.6,2026-09-04 22:30:36
P00369,Ronquillo Cerda Braulio Mauricio,PAOLA CALVACHE,Orden de compra,Recibida completa,[MP00036] MORA TIPO B,551.0,kg,1.1,606.1,2026-06-11 16:41,2026-06-11 16:41,2026-06-16 12:37,,606.1,2026-09-04 22:30:36
P00368,AGUILAR CHUGA CRISTOPHER ALEXANDER,PAOLA CALVACHE,Orden de compra,Recibida completa,[MP00019] NARANJILLA,355.0,kg,1.0,355.0,2026-06-11 16:37,2026-06-12 06:30,2026-06-16 12:36,,355.0,2026-09-04 22:30:36
P00367,AGUILAR CHUGA CRISTOPHER ALEXANDER,PAOLA CALVACHE,Orden de compra,Recibida completa,[MP00003] GUAYABA,3445.0,kg,0.8,2756.0,2026-06-11 16:35,2026-06-12 06:35,2026-06-15 11:08,,2756.0,2026-09-04 22:30:36
P00366,MILANPLASTIC S A,PAOLA CALVACHE,Orden de compra,Recibida completa,[FUN201] FUNDA GOYA USA PULPA DE GUANABANA,36800.0,Units,0.0496,1825.28,2026-06-11 09:55,2026-06-08 09:55,2026-06-16 12:39,,2099.07,2026-09-04 22:30:36
P00365,DIAZ LALANGUI PEDRO FRANCISCO,PAOLA CALVACHE,Orden de compra,Recibida completa,[MP00028] MOTA GUANABANA,1071.0,kg,1.4,1499.4,2026-06-11 05:02,2026-06-11 05:02,2026-06-15 12:03,,1499.4,2026-09-04 22:30:36
P00364,GARCES ERAZO ESTEBAN ISRAEL,PAOLA CALVACHE,Orden de compra,Recibida completa,[MP00012] TOMATE DE ARBOL,2414.0,kg,1.25,3017.5,2026-06-11 05:01,2026-06-11 10:01,2026-06-15 11:06,,3017.5,2026-09-04 22:30:36
P00363,AYALA ANTE JOSE MANUEL,PAOLA CALVACHE,Orden de compra,Recibida completa,[MP00235] MORA DESPITONADA,846.0,kg,1.4,1184.4,2026-06-11 05:00,2026-06-11 09:00,2026-06-11 17:51,,1184.4,2026-09-04 22:30:36
P00362,AYALA ANTE JOSE MANUEL,PAOLA CALVACHE,Orden de compra,Recibida completa,[MP00036] MORA TIPO B,1404.0,kg,1.1,1544.4,2026-06-11 04:59,2026-06-11 04:59,2026-06-11 17:50,,1544.4,2026-09-04 22:30:36
P00361,LUCIO GARCIA FELIX ANCELMO,PAOLA CALVACHE,Orden de compra,Recibida completa,[MP00020] PAPAYA,455.0,kg,1.15,523.25,2026-06-11 04:58,2026-06-11 07:58,2026-06-12 09:18,,523.25,2026-09-04 22:30:36
P00360,LLUGLLUNA CAIZA JOSE MIGUEL,PAOLA CALVACHE,Orden de compra,Recibida completa,[MP00221] FRUTILLA DESPITONADA PARA PICAR,673.0,kg,1.04,699.92,2026-06-11 04:57,2026-06-11 04:57,2026-06-12 09:28,,699.92,2026-09-04 22:30:36
P00359,LLUGLLUNA CAIZA JOSE MIGUEL,PAOLA CALVACHE,Orden de compra,Recibida completa,[MP00007] FRUTILLA,809.0,kg,0.9,728.1,2026-06-11 04:56,2026-06-11 04:56,2026-06-12 09:28,,728.1,2026-09-04 22:30:36
P00358,CAISALITIN NAULA DARWIN PATRICIO,PAOLA CALVACHE,Orden de compra,Recibida completa,[MP00221] FRUTILLA DESPITONADA PARA PICAR,660.0,kg,1.0,660.0,2026-06-11 04:54,2026-06-11 04:54,2026-06-12 09:27,,660.0,2026-09-04 22:30:36
P00357,CAISALITIN NAULA DARWIN PATRICIO,PAOLA CALVACHE,Orden de compra,Recibida completa,[MP00007] FRUTILLA,798.0,kg,0.9,718.2,2026-06-11 04:53,2026-06-11 04:53,2026-06-12 09:27,,718.2,2026-09-04 22:30:36
P00356,SMART CHEMISTRY SMACH S.A.,PAOLA CALVACHE,Orden de compra,Recibida completa,[CAL012] KIT DE TITULACION,1.0,Units,25.0,25.0,2026-06-10 15:37,2026-06-15 00:00,2026-06-15 12:04,,28.75,2026-09-04 22:30:36
P00355,ALMEIDA AGUIRRE MARITZA RAQUEL,PAOLA CALVACHE,Orden de compra,Recibida completa,[CAL003] DATA LOGGER DESECHABLE,20.0,Units,20.0,400.0,2026-06-10 15:02,2026-06-10 00:00,2026-06-15 12:05,,460.0,2026-09-04 22:30:36
P00354,DISTRIBUIDORA DESCALZI S.A.,PAOLA CALVACHE,Orden de compra,Recibida completa,[CAL011] PLACA PTRFLM LISTERIA,100.0,Units,6.42,642.0,2026-06-10 14:55,2026-06-12 00:00,2026-06-15 12:02,,2019.98,2026-09-04 22:30:36
P00354,DISTRIBUIDORA DESCALZI S.A.,PAOLA CALVACHE,Orden de compra,Recibida completa,[CAL010] HISOPO CLEAN TRACE SUPERFICIE UXL100,150.0,Units,2.4,360.0,2026-06-10 14:55,2026-06-12 00:00,2026-06-15 12:02,,2019.98,2026-09-04 22:30:36
P00354,DISTRIBUIDORA DESCALZI S.A.,PAOLA CALVACHE,Orden de compra,Recibida completa,[CAL009] PLACA PTRFLM AEROBIOS,150.0,Units,1.02,153.0,2026-06-10 14:55,2026-06-12 00:00,2026-06-15 12:02,,2019.98,2026-09-04 22:30:36
P00354,DISTRIBUIDORA DESCALZI S.A.,PAOLA CALVACHE,Orden de compra,Recibida completa,[CAL008] PLACA PTRFLM MOHOS Y LEVADURA,50.0,Units,2.3,115.0,2026-06-10 14:55,2026-06-12 00:00,2026-06-15 12:02,,2019.98,2026-09-04 22:30:36
P00354,DISTRIBUIDORA DESCALZI S.A.,PAOLA CALVACHE,Orden de compra,Recibida completa,[CAL007] PLACA PTRFLM RAPID E. COLI-COLIFORME,100.0,Units,2.04,204.0,2026-06-10 14:55,2026-06-12 00:00,2026-06-15 12:02,,2019.98,2026-09-04 22:30:36
P00354,DISTRIBUIDORA DESCALZI S.A.,PAOLA CALVACHE,Orden de compra,Recibida completa,[CAL006] PLACA PTRFLM RAPID MOHOS Y LEVADURAS,150.0,Units,0.0,0.0,2026-06-10 14:55,2026-06-12 00:00,2026-06-15 12:02,,2019.98,2026-09-04 22:30:36
P00354,DISTRIBUIDORA DESCALZI S.A.,PAOLA CALVACHE,Orden de compra,Recibida completa,[CAL005] PLACA PTRFLM RAPID AEROBIOS,25.0,Units,1.7,42.5,2026-06-10 14:55,2026-06-12 00:00,2026-06-15 12:02,,2019.98,2026-09-04 22:30:36
P00354,DISTRIBUIDORA DESCALZI S.A.,PAOLA CALVACHE,Orden de compra,Recibida completa,[CAL002] HISOPO CLEAN TRACE WATER AQT200,60.0,Units,4.0,240.0,2026-06-10 14:55,2026-06-12 00:00,2026-06-15 12:02,,2019.98,2026-09-04 22:30:36
P00353,Npd Global Suppliers S.A.,PAOLA CALVACHE,Orden de compra,Recibida completa,[INS003] AIRBAG FUNDA PLASTICA 90X180 CM,20.0,Units,8.5,170.0,2026-06-10 12:52,2026-06-05 12:52,2026-06-10 12:58,,195.5,2026-09-04 22:30:36
P00352,DIAZ LALANGUI PEDRO FRANCISCO,PAOLA CALVACHE,Orden de compra,Recibida completa,[MP00005] COCO,1001.0,kg,3.9,3903.9,2026-06-09 16:28,2026-06-10 16:28,2026-06-11 17:20,,3903.9,2026-09-04 22:30:36
P00351,MINFARMS S.A.S.,PAOLA CALVACHE,Orden de compra,Recibida completa,[MP00028] MOTA GUANABANA,702.0,kg,1.38,968.76,2026-06-09 16:28,2026-06-09 16:28,2026-06-11 17:44,,968.76,2026-09-04 22:30:36
P00350,SILVA ARMIJOS JESSICA DANIELA,PAOLA CALVACHE,Orden de compra,Recibida completa,[MP00016] MORA DE CASTILLA,991.0,kg,1.42,1407.22,2026-06-09 16:22,2026-06-09 16:22,2026-06-11 17:43,,1407.22,2026-09-04 22:30:36
P00349,COMPANIA DE TRANSPORTE TYDCOSERVICES S.A.,PAOLA CALVACHE,Orden de compra,Recibida completa,[INS032] Diesel,1000.0,Units,4.1264,4126.45,2026-06-09 16:09,2026-06-10 07:09,2026-06-11 17:20,,4745.42,2026-09-04 22:30:36
P00348,Pica Plasticos Industriales C.A.,PAOLA CALVACHE,Orden de compra,Recibida completa,[EGS001] BALDES 22 LITROS,200.0,Units,4.51,902.0,2026-06-09 12:28,2026-06-09 12:28,2026-06-09 12:41,,1037.3,2026-09-04 22:30:36
P00347,AYALA CUVIÑA KERLY NASHELI,PAOLA CALVACHE,Orden de compra,Recibida completa,[MP00036] MORA TIPO B,764.0,kg,1.1,840.4,2026-06-09 12:07,2026-06-09 12:07,2026-06-11 17:43,,840.4,2026-09-04 22:30:36
P00345,EVIAS PAEZ LEONELA ANDREINA,PAOLA CALVACHE,Orden de compra,Recibida completa,[MP00034] ARANDANO,1460.0,kg,7.6,11096.0,2026-06-09 12:05,2026-06-08 12:05,2026-06-11 17:20,,11096.0,2026-09-04 22:30:36
P00344,JIMENEZ POZO OSCAR DAVID,PAOLA CALVACHE,Orden de compra,Recibida completa,[MP00036] MORA TIPO B,1151.0,kg,1.15,1323.65,2026-06-09 12:03,2026-06-09 12:03,2026-06-11 17:43,,1323.65,2026-09-04 22:30:36
P00343,DIAZ LALANGUI PEDRO FRANCISCO,PAOLA CALVACHE,Orden de compra,Recibida completa,[MP00027] TAMARINDO,225.0,kg,2.05,461.25,2026-06-09 12:01,2026-06-09 12:01,2026-06-11 17:20,,461.25,2026-09-04 22:30:36
P00342,DIAZ LALANGUI PEDRO FRANCISCO,PAOLA CALVACHE,Orden de compra,Recibida completa,[MP00005] COCO,1018.0,kg,3.9,3970.2,2026-06-09 12:00,2026-06-09 12:00,2026-06-10 10:08,,3970.2,2026-09-04 22:30:36
P00341,AGUILAR CHUGA CRISTOPHER ALEXANDER,PAOLA CALVACHE,Orden de compra,Recibida completa,[MP00003] GUAYABA,3293.0,kg,0.8,2634.4,2026-06-09 11:57,2026-06-09 11:57,2026-06-10 10:15,,2634.4,2026-09-04 22:30:36
P00339,MILANPLASTIC S A,PAOLA CALVACHE,Orden de compra,Recibida completa,[ROL201] ROLLO FUNDA GOYA USA PULPA DE  GUANABANA 12X14 OZ,321.6,kg,6.2,1993.92,2026-06-09 11:21,2026-06-04 11:21,2026-06-09 12:03,,2293.01,2026-09-04 22:30:36
P00338,MILANPLASTIC S A,PAOLA CALVACHE,Orden de compra,Recibida completa,[ROL013] ROLLO PULPA DE MANGO MERICA 250 g,174.7,kg,6.2,1083.14,2026-06-09 11:19,2026-06-04 11:19,2026-06-09 12:03,,1245.61,2026-09-04 22:30:36
P00337,MILANPLASTIC S A,PAOLA CALVACHE,Orden de compra,Recibida completa,[ROL202] ROLLO FUNDA GOYA USA PULPA DE GUAYABA 12X14 OZ,173.5,kg,6.2,1075.7,2026-06-09 11:17,2026-06-04 11:17,2026-06-09 12:03,,1237.06,2026-09-04 22:30:36
P00336,MILANPLASTIC S A,PAOLA CALVACHE,Orden de compra,Recibida completa,[ROL407] ROLLO FUNDA EVOKE PULPA MARACUYA 250 g,150.0,kg,6.2,930.0,2026-06-09 09:28,2026-07-09 00:00,2026-07-23 10:31,,9156.65,2026-09-04 22:30:36
P00336,MILANPLASTIC S A,PAOLA CALVACHE,Orden de compra,Recibida completa,[ROL406] ROLLO FUNDA EVOKE PULPA MANGO 250 g,150.0,kg,6.2,930.0,2026-06-09 09:28,2026-07-09 00:00,2026-07-23 10:31,,9156.65,2026-09-04 22:30:36
P00336,MILANPLASTIC S A,PAOLA CALVACHE,Orden de compra,Recibida completa,[FUN405] FUNDA EVOKE PULPA PIÑA 250 g,30000.0,Units,0.0402,1206.3,2026-06-09 09:28,2026-07-09 00:00,2026-07-23 10:31,,9156.65,2026-09-04 22:30:36
P00336,MILANPLASTIC S A,PAOLA CALVACHE,Orden de compra,Recibida completa,[FUN404] FUNDA EVOKE FRESA ENTERA 250 g,30000.0,Units,0.0496,1488.0,2026-06-09 09:28,2026-07-09 00:00,2026-07-23 10:31,,9156.65,2026-09-04 22:30:36
P00336,MILANPLASTIC S A,PAOLA CALVACHE,Orden de compra,Recibida completa,[FUN403] FUNDA EVOKE MORA ENTERA 250 g,30000.0,Units,0.0318,954.0,2026-06-09 09:28,2026-07-09 00:00,2026-07-23 10:31,,9156.65,2026-09-04 22:30:36
P00336,MILANPLASTIC S A,PAOLA CALVACHE,Orden de compra,Recibida completa,[FUN402] FUNDA EVOKE DURAZNO TROZOS 250 g,30000.0,Units,0.0496,1488.0,2026-06-09 09:28,2026-07-09 00:00,2026-07-23 10:31,,9156.65,2026-09-04 22:30:36
P00336,MILANPLASTIC S A,PAOLA CALVACHE,Orden de compra,Recibida completa,[FUN401] FUNDA EVOKE PIÑA TROZOS 250 g,30000.0,Units,0.0322,966.0,2026-06-09 09:28,2026-07-09 00:00,2026-07-23 10:31,,9156.65,2026-09-04 22:30:36
P00335,LAGUAQUIZA SANGUCHO SERGIO PAUL,PAOLA CALVACHE,Orden de compra,Recibida completa,[MP00221] FRUTILLA DESPITONADA PARA PICAR,450.0,kg,1.04,468.0,2026-06-08 13:06,2026-06-08 13:06,2026-06-08 16:18,,468.0,2026-09-04 22:30:36
P00334,LISINTUÑA AYALA EDISON JOEL,PAOLA CALVACHE,Orden de compra,Recibida completa,[MP00016] MORA DE CASTILLA,282.0,kg,1.42,400.44,2026-06-05 22:59,2026-06-05 22:59,2026-06-08 16:22,,400.44,2026-09-04 22:30:36
P00333,Ronquillo Cerda Braulio Mauricio,PAOLA CALVACHE,Orden de compra,Recibida completa,[MP00036] MORA TIPO B,871.0,kg,1.1,958.1,2026-06-05 22:59,2026-06-05 22:59,2026-06-08 16:20,,958.1,2026-09-04 22:30:36
P00332,QUERIDO LISINTUÑA SONIA TERESA,PAOLA CALVACHE,Orden de compra,Recibida completa,[MP00242] MORA CATEGORIA 1,119.0,kg,1.5,178.5,2026-06-05 22:58,2026-06-05 14:58,2026-06-08 16:19,,178.5,2026-09-04 22:30:36
P00331,QUERIDO LISINTUÑA SONIA TERESA,PAOLA CALVACHE,Orden de compra,Recibida completa,[MP00016] MORA DE CASTILLA,888.0,kg,1.42,1260.96,2026-06-05 22:55,2026-06-05 22:55,2026-06-08 16:20,,1260.96,2026-09-04 22:30:36
P00330,FRIPA S.A.S.,PAOLA CALVACHE,Orden de compra,Recibida completa,[MP00028] MOTA GUANABANA,3958.0,kg,1.3,5145.4,2026-06-05 22:53,2026-06-05 11:53,2026-06-08 16:17,,5145.4,2026-09-04 22:30:36
P00328,ENRIQUEZ PEREZ LAURA ELINA,PAOLA CALVACHE,Orden de compra,Recibida completa,[MP00221] FRUTILLA DESPITONADA PARA PICAR,826.0,kg,1.03,850.78,2026-06-05 10:25,2026-06-05 10:25,2026-06-06 11:01,,850.78,2026-09-04 22:30:36
P00327,LLUGLLUNA CAIZA JOSE MIGUEL,PAOLA CALVACHE,Orden de compra,Recibida completa,[MP00221] FRUTILLA DESPITONADA PARA PICAR,749.0,kg,1.04,778.96,2026-06-05 10:24,2026-06-05 06:24,2026-06-06 11:01,,778.96,2026-09-04 22:30:36
P00326,DIAZ LALANGUI PEDRO FRANCISCO,PAOLA CALVACHE,Orden de compra,Recibida completa,[MP00028] MOTA GUANABANA,988.0,kg,1.4,1383.2,2026-06-04 08:14,2026-06-04 08:14,2026-06-06 11:01,,1383.2,2026-09-04 22:30:36
P00325,AYALA ANTE JOSE MANUEL,PAOLA CALVACHE,Orden de compra,Recibida completa,[MP00036] MORA TIPO B,1083.0,kg,1.1,1191.3,2026-06-04 08:14,2026-06-04 08:14,2026-06-06 11:01,,1191.3,2026-09-04 22:30:36
P00324,QUISHPE LISINTUÑA RICARDO SEBASTIAN,PAOLA CALVACHE,Orden de compra,Recibida completa,[MP00016] MORA DE CASTILLA,149.0,kg,1.42,211.58,2026-06-03 17:06,2026-06-03 17:06,2026-06-06 11:00,,211.58,2026-09-04 22:30:36
P00323,CASTRO SALCEDO JOSE CARLOS,PAOLA CALVACHE,Orden de compra,Recibida completa,[EGS003] GAVETAS PLASTICAS,300.0,Units,3.0,900.0,2026-06-03 13:18,2026-06-01 13:18,2026-06-03 14:56,,900.0,2026-09-04 22:30:36
P00322,MINFARMS S.A.S.,PAOLA CALVACHE,Orden de compra,Recibida completa,[MP00028] MOTA GUANABANA,610.0,kg,1.38,841.8,2026-06-02 16:24,2026-06-02 16:24,2026-06-04 08:32,,841.8,2026-09-04 22:30:36
P00321,SILVA ARMIJOS JESSICA DANIELA,PAOLA CALVACHE,Orden de compra,Recibida completa,[MP00016] MORA DE CASTILLA,450.0,kg,1.42,639.0,2026-06-02 16:23,2026-06-02 16:23,2026-06-06 10:59,,639.0,2026-09-04 22:30:36
P00320,LISINTUÑA TIPAN CARMEN MARIA,PAOLA CALVACHE,Orden de compra,Recibida completa,[MP00016] MORA DE CASTILLA,426.0,kg,1.42,604.92,2026-06-02 16:23,2026-06-03 16:23,2026-06-08 16:19,,604.92,2026-09-04 22:30:36
P00319,VILLAVICENCIO VERA KARLA VIVIANA,PAOLA CALVACHE,Orden de compra,Recibida completa,[MP00003] GUAYABA,6644.0,kg,0.9,5979.6,2026-06-02 16:21,2026-06-02 16:21,2026-06-03 15:05,,5979.6,2026-09-04 22:30:36
P00318,CAISALITIN NAULA DARWIN PATRICIO,PAOLA CALVACHE,Orden de compra,Recibida completa,[MP00154] FRUTILLA DESPITONADA PARA TOPPING,1011.0,kg,1.0,1011.0,2026-06-02 16:18,2026-06-02 16:18,2026-06-04 08:25,,1011.0,2026-09-04 22:30:36
P00317,LAGUAQUIZA SANGUCHO SERGIO PAUL,PAOLA CALVACHE,Orden de compra,Recibida completa,[MP00154] FRUTILLA DESPITONADA PARA TOPPING,416.0,kg,1.04,432.64,2026-06-02 16:17,2026-06-02 16:17,2026-06-03 15:00,,432.64,2026-09-04 22:30:36
P00316,NATIGOLD S.A.,PAOLA CALVACHE,Orden de compra,Recibida completa,[MP00230] POLVO DE CACAO ALCALINO,300.0,kg,7.5,2250.0,2026-06-02 12:17,2026-06-23 00:00,2026-06-24 12:11,,2587.5,2026-09-04 22:30:36
P00315,DISTRIBUIDORA DESCALZI S.A.,PAOLA CALVACHE,Orden de compra,Recibida completa,[MP00237] COLORANTE COLOR RED FRAGARIA LIQUIDO,10.0,kg,149.0,1490.0,2026-06-02 12:14,2026-06-19 00:00,2026-06-20 12:09,,1713.5,2026-09-04 22:30:36
P00314,Compania Nacional de Plasticos Conaplas S.A.,PAOLA CALVACHE,Orden de compra,Recibida completa,[CIN004] CINTA STRECH 50 CM,80.0,Units,6.4,512.0,2026-06-02 12:11,2026-06-18 00:00,2026-06-09 11:12,,588.8,2026-09-04 22:30:36
P00313,DON GATO SUPERMERCADO MAYORISTA S.A.,PAOLA CALVACHE,Orden de compra,Recibida completa,[MP00051] AZUCAR,2500.0,kg,0.7408,1852.0,2026-06-02 12:08,2026-06-24 00:00,2026-06-24 12:09,,1852.0,2026-09-04 22:30:36
P00312,COMERCIO EXTERIOR CECOMEX S.A.,PAOLA CALVACHE,Orden de compra,Recibida completa,[INS003] AIRBAG FUNDA PLASTICA 90X180 CM,40.0,Units,8.9,356.0,2026-06-02 12:06,2026-06-18 00:00,2026-06-09 11:08,,409.4,2026-09-04 22:30:36
P00311,GRUPO DYMAP SCC.,PAOLA CALVACHE,Orden de compra,Recibida completa,[PAL0002] PALLET ESTANDAR DE MADERA 100X120 CM,40.0,Units,12.45,498.0,2026-06-02 12:04,2026-06-17 00:00,2026-06-24 12:23,,572.7,2026-09-04 22:30:36
P00310,SMART CHEMISTRY SMACH S.A.,PAOLA CALVACHE,Orden de compra,Recibida completa,[INS001] ACIDO PERACETICO 15%,46.0,kg,5.92,272.32,2026-06-02 12:00,2026-06-16 00:00,2026-06-16 09:49,,313.17,2026-09-04 22:30:36
P00309,APRACOM S.A.,PAOLA CALVACHE,Orden de compra,Recibida completa,[INS013] JABON ALK 25,60.0,kg,1.85,111.0,2026-06-02 11:58,2026-06-16 00:00,2026-06-16 16:43,,277.15,2026-09-04 22:30:36
P00309,APRACOM S.A.,PAOLA CALVACHE,Orden de compra,Recibida completa,[INS014] JABON BC ALK CLOR,60.0,kg,1.85,111.0,2026-06-02 11:58,2026-06-16 00:00,2026-06-16 16:43,,277.15,2026-09-04 22:30:36
P00309,APRACOM S.A.,PAOLA CALVACHE,Orden de compra,Recibida completa,[INS007] CLORO 10%,20.0,kg,0.95,19.0,2026-06-02 11:58,2026-06-16 00:00,2026-06-16 16:43,,277.15,2026-09-04 22:30:36
P00308,LIRA LABORATORIOS REPRESENTACIONES Y AGENCIAS S.A.,PAOLA CALVACHE,Orden de compra,Recibida completa,[INS004] ALCOHOL ANTISEPTICO 72%,36.0,Units,4.25,153.0,2026-06-02 11:55,2026-06-15 00:00,2026-06-16 09:42,,153.0,2026-09-04 22:30:36
P00307,ALITECNO COMERCIO DE INSUMOS PARA LA INDUSTRIA DE ALIMENTOS,PAOLA CALVACHE,Orden de compra,Recibida completa,[FUN002] FUNDA METALIZADA C/VALVULA 1 KG,3000.0,Units,0.262,785.99,2026-06-02 11:53,2026-06-11 00:00,2026-06-15 10:56,,903.89,2026-09-04 22:30:36
P00306,TOP TRADING TOPTRA CIA. LTDA.,PAOLA CALVACHE,Orden de compra,Recibida completa,[MP00167] ACESULFAME K,25.0,kg,15.5,387.5,2026-06-02 11:49,2026-06-11 00:00,2026-06-11 17:49,,445.63,2026-09-04 22:30:36
P00305,MOVERPRINT CIA. LTDA.,PAOLA CALVACHE,Orden de compra,Recibida completa,[INS026] RIBBON DE RESINA 450 M,15.0,Units,28.85,432.75,2026-06-02 11:46,2026-06-09 00:00,2026-06-09 12:03,,670.16,2026-09-04 22:30:36
P00305,MOVERPRINT CIA. LTDA.,PAOLA CALVACHE,Orden de compra,Recibida completa,[ETI002] ETIQUETA ADHESIVA BLANCA 3X8 CM,20000.0,Units,0.0075,150.0,2026-06-02 11:46,2026-06-09 00:00,2026-06-09 12:03,,670.16,2026-09-04 22:30:36
P00304,AROMCOLOR S.A.S.,PAOLA CALVACHE,Orden de compra,Recibida completa,[MP00247] ESENCIA DE DURAZNO NATURAL,1.0,kg,47.0,47.0,2026-06-02 11:42,2026-06-08 00:00,2026-06-16 09:27,,84.55,2026-09-04 22:30:36
P00304,AROMCOLOR S.A.S.,PAOLA CALVACHE,Orden de compra,Recibida completa,[MP00102] ESENCIA DE NARANJILLA,1.0,kg,26.52,26.52,2026-06-02 11:42,2026-06-08 00:00,2026-06-16 09:27,,84.55,2026-09-04 22:30:36
P00303,LABMAREMI ECUADOR CIA.LTDA.,PAOLA CALVACHE,Orden de compra,Recibida completa,[INS016] JABON LIQUIDO DE MANOS,8.0,Units,14.85,118.8,2026-06-02 11:38,2026-06-08 00:00,2026-06-11 09:19,,237.25,2026-09-04 22:30:36
P00303,LABMAREMI ECUADOR CIA.LTDA.,PAOLA CALVACHE,Orden de compra,Recibida completa,[INS009] FUNDA DE BASURA GRANDE 35X47 CM,50.0,Units,1.75,87.5,2026-06-02 11:38,2026-06-08 00:00,2026-06-11 09:19,,237.25,2026-09-04 22:30:36
P00302,GELARDO RUIZ CLARA,PAOLA CALVACHE,Orden de compra,Recibida completa,[MP00022] PIÑA,4141.0,kg,0.5,2070.5,2026-06-02 08:44,2026-05-29 08:44,2026-06-02 11:14,,2070.5,2026-09-04 22:30:36
P00301,AGUILAR CHUGA CRISTOPHER ALEXANDER,PAOLA CALVACHE,Orden de compra,Recibida completa,[MP00003] GUAYABA,4551.0,kg,0.8,3640.8,2026-06-02 08:40,2026-06-02 08:40,2026-06-03 09:40,,3640.8,2026-09-04 22:30:36
P00300,MINFARMS S.A.S.,PAOLA CALVACHE,Orden de compra,Recibida completa,[MP00028] MOTA GUANABANA,788.0,kg,1.38,1087.44,2026-06-01 16:30,2026-06-02 16:30,2026-06-03 12:29,,1087.44,2026-09-04 22:30:36
P00299,CHAVEZ TORRES MARLENE LASTENIA,PAOLA CALVACHE,Orden de compra,Recibida completa,[MP00019] NARANJILLA,4353.0,kg,1.0,4353.0,2026-06-01 16:29,2026-06-02 16:29,2026-06-03 09:41,,4353.0,2026-09-04 22:30:36
P00298,GUANABANA-BIG CIA.LTDA.,PAOLA CALVACHE,Orden de compra,Recibida completa,[MP00028] MOTA GUANABANA,6508.0,kg,1.4,9111.2,2026-06-01 16:27,2026-06-01 16:27,2026-06-03 09:39,,9111.2,2026-09-04 22:30:36
P00297,JIMENEZ POZO OSCAR DAVID,PAOLA CALVACHE,Orden de compra,Recibida completa,[MP00036] MORA TIPO B,553.0,kg,1.15,635.95,2026-06-01 16:26,2026-06-02 16:26,2026-06-03 12:21,,635.95,2026-09-04 22:30:36
P00296,AYALA CUVIÑA KERLY NASHELI,PAOLA CALVACHE,Orden de compra,Recibida completa,[MP00036] MORA TIPO B,893.0,kg,1.1,982.3,2026-06-01 16:25,2026-06-01 16:25,2026-06-03 09:39,,982.3,2026-09-04 22:30:36
P00295,GARCIA GUTIERREZ CARLOS JULIO,PAOLA CALVACHE,Orden de compra,Recibida completa,[MP00014] MARACUYA,6866.0,kg,0.62,4256.92,2026-06-01 08:25,2026-06-01 08:25,2026-06-01 14:09,,4256.92,2026-09-04 22:30:36
P00294,LLUGLLUNA CAIZA JOSE MIGUEL,PAOLA CALVACHE,Orden de compra,Recibida completa,[MP00221] FRUTILLA DESPITONADA PARA PICAR,781.0,kg,1.04,812.24,2026-06-01 08:24,2026-06-01 06:24,2026-06-01 12:27,,812.24,2026-09-04 22:30:36
P00292,LISINTUÑA AYALA EDISON JOEL,PAOLA CALVACHE,Orden de compra,Recibida completa,[MP00016] MORA DE CASTILLA,503.0,kg,1.42,714.26,2026-05-29 17:27,2026-05-29 17:27,2026-06-01 10:56,,714.26,2026-09-04 22:30:36
P00291,QUERIDO LISINTUÑA SONIA TERESA,PAOLA CALVACHE,Orden de compra,Recibida completa,[MP00016] MORA DE CASTILLA,294.0,kg,1.42,417.48,2026-05-29 17:26,2026-05-29 17:26,2026-06-01 10:56,,417.48,2026-09-04 22:30:36
P00290,Ronquillo Cerda Braulio Mauricio,PAOLA CALVACHE,Orden de compra,Recibida completa,[MP00036] MORA TIPO B,601.0,kg,1.2,721.2,2026-05-29 17:26,2026-05-29 17:26,2026-06-02 11:14,,721.2,2026-09-04 22:30:36
P00289,Corrugadora Nacional Cransa S.A.,PAOLA CALVACHE,Orden de compra,Recibida completa,[INS019] LAMINA SEPARADORA,3265.0,Units,0.151,493.02,2026-05-29 14:59,2026-06-03 14:59,2026-07-07 07:28,,566.97,2026-09-04 22:30:36
P00287,Corrugadora Nacional Cransa S.A.,PAOLA CALVACHE,Orden de compra,Recibida completa,[EMB100] PERFIL DE EMBALAJE,770.0,Units,0.655,504.35,2026-05-29 14:22,2026-05-30 14:22,2026-06-29 14:57,,580.0,2026-09-04 22:30:36
P00286,Corrugadora Nacional Cransa S.A.,PAOLA CALVACHE,Orden de compra,Recibida completa,[INS019] LAMINA SEPARADORA,5500.0,Units,0.151,830.5,2026-05-29 14:20,2026-06-08 14:20,2026-06-09 12:02,,955.08,2026-09-04 22:30:36
P00285,AGUILAR CHUGA CRISTOPHER ALEXANDER,PAOLA CALVACHE,Orden de compra,Recibida completa,[MP00003] GUAYABA,4173.0,kg,0.8,3338.4,2026-05-29 11:18,2026-05-29 08:18,2026-05-29 12:29,,3338.4,2026-09-04 22:30:36
P00284,LLUGLLUNA CAIZA JOSE MIGUEL,PAOLA CALVACHE,Orden de compra,Recibida completa,[MP00221] FRUTILLA DESPITONADA PARA PICAR,883.0,kg,1.04,918.32,2026-05-29 11:16,2026-05-29 07:16,2026-05-29 12:29,,918.32,2026-09-04 22:30:36
P00283,CAISALITIN NAULA DARWIN PATRICIO,PAOLA CALVACHE,Orden de compra,Recibida completa,[MP00221] FRUTILLA DESPITONADA PARA PICAR,855.0,kg,1.0,855.0,2026-05-29 11:14,2026-05-29 06:14,2026-05-29 12:29,,855.0,2026-09-04 22:30:36
P00282,GUANABANA-BIG CIA.LTDA.,PAOLA CALVACHE,Orden de compra,Recibida completa,[MP00028] MOTA GUANABANA,4404.0,kg,1.4,6165.6,2026-05-28 16:54,2026-05-28 15:54,2026-05-29 11:17,,6165.6,2026-09-04 22:30:36
P00281,FRIPA S.A.S.,PAOLA CALVACHE,Orden de compra,Recibida completa,[MP00028] MOTA GUANABANA,953.0,kg,1.3,1238.9,2026-05-28 16:50,2026-05-28 11:50,2026-05-29 11:16,,1238.9,2026-09-04 22:30:36
P00280,AYALA ANTE JOSE MANUEL,PAOLA CALVACHE,Orden de compra,Recibida completa,[MP00036] MORA TIPO B,773.0,kg,1.2,927.6,2026-05-28 16:48,2026-05-28 09:48,2026-05-29 11:16,,927.6,2026-09-04 22:30:36
P00279,Compania Nacional de Plasticos Conaplas S.A.,PAOLA CALVACHE,Orden de compra,Recibida completa,[CIN002] CINTA DE EMBALAJE TRANSP 48X100 YD,360.0,Units,0.65,234.0,2026-05-28 15:30,2026-06-03 00:00,2026-06-08 16:23,,456.78,2026-09-04 22:30:36
P00279,Compania Nacional de Plasticos Conaplas S.A.,PAOLA CALVACHE,Orden de compra,Recibida completa,[CIN003] CINTA DE EMBALAJE TRANSP 48X1000 YD,24.0,Units,6.8,163.2,2026-05-28 15:30,2026-06-03 00:00,2026-06-08 16:23,,456.78,2026-09-04 22:30:36
P00278,DON GATO SUPERMERCADO MAYORISTA S.A.,PAOLA CALVACHE,Orden de compra,Recibida completa,[MP00051] AZUCAR,2500.0,kg,0.762,1905.0,2026-05-28 15:01,2026-06-04 00:00,2026-06-06 11:01,,1905.0,2026-09-04 22:30:36
P00277,APRACOM S.A.,PAOLA CALVACHE,Orden de compra,Recibida completa,[INS014] JABON BC ALK CLOR,60.0,kg,1.85,111.0,2026-05-28 14:57,2026-06-02 00:00,2026-06-03 13:13,,301.89,2026-09-04 22:30:36
P00277,APRACOM S.A.,PAOLA CALVACHE,Orden de compra,Recibida completa,[INS007] CLORO 10%,20.0,kg,0.95,19.0,2026-05-28 14:57,2026-06-02 00:00,2026-06-03 13:13,,301.89,2026-09-04 22:30:36
P00277,APRACOM S.A.,PAOLA CALVACHE,Orden de compra,Recibida completa,[INS002] AGUA DESTILADA GALON,9.0,Units,2.39,21.51,2026-05-28 14:57,2026-06-02 00:00,2026-06-03 13:13,,301.89,2026-09-04 22:30:36
P00277,APRACOM S.A.,PAOLA CALVACHE,Orden de compra,Recibida completa,[INS013] JABON ALK 25,60.0,kg,1.85,111.0,2026-05-28 14:57,2026-06-02 00:00,2026-06-03 13:13,,301.89,2026-09-04 22:30:36
P00276,SMART CHEMISTRY SMACH S.A.,PAOLA CALVACHE,Orden de compra,Recibida completa,[INS001] ACIDO PERACETICO 15%,46.0,kg,5.9,271.4,2026-05-28 14:45,2026-06-02 00:00,2026-06-01 19:05,,312.11,2026-09-04 22:30:36
P00275,DIAZ LALANGUI PEDRO FRANCISCO,PAOLA CALVACHE,Orden de compra,Recibida completa,[MP00028] MOTA GUANABANA,883.0,kg,1.4,1236.2,2026-05-27 17:15,2026-05-27 17:15,2026-05-28 14:15,,1236.2,2026-09-04 22:30:36
P00273,MINFARMS S.A.S.,PAOLA CALVACHE,Orden de compra,Recibida completa,[MP00028] MOTA GUANABANA,609.0,kg,1.38,840.42,2026-05-26 17:08,2026-05-26 15:08,2026-05-27 10:08,,840.42,2026-09-04 22:30:36
P00272,CHAVEZ TORRES MARLENE LASTENIA,PAOLA CALVACHE,Orden de compra,Recibida completa,[MP00019] NARANJILLA,3280.0,kg,1.0,3280.0,2026-05-26 16:04,2026-05-26 16:04,2026-05-27 10:07,,3280.0,2026-09-04 22:30:36
P00271,CHIGUANO AYALA EDGAR DAVID,PAOLA CALVACHE,Orden de compra,Recibida completa,[MP00036] MORA TIPO B,245.0,kg,1.25,306.25,2026-05-26 16:03,2026-05-26 16:03,2026-05-27 10:07,,306.25,2026-09-04 22:30:36
P00270,JIMENEZ POZO OSCAR DAVID,PAOLA CALVACHE,Orden de compra,Recibida completa,[MP00036] MORA TIPO B,1368.0,kg,1.25,1710.0,2026-05-26 16:02,2026-05-26 16:02,2026-05-27 10:07,,1710.0,2026-09-04 22:30:36
P00269,SILVA ARMIJOS JESSICA DANIELA,PAOLA CALVACHE,Orden de compra,Recibida completa,[MP00016] MORA DE CASTILLA,458.0,kg,1.42,650.36,2026-05-26 16:00,2026-05-26 16:00,2026-05-27 10:07,,650.36,2026-09-04 22:30:36
P00268,LISINTUÑA TIPAN CARMEN MARIA,PAOLA CALVACHE,Orden de compra,Recibida completa,[MP00016] MORA DE CASTILLA,367.0,kg,1.42,521.14,2026-05-26 15:58,2026-05-26 15:58,2026-05-27 10:06,,521.14,2026-09-04 22:30:36
P00267,GARCES ERAZO ESTEBAN ISRAEL,PAOLA CALVACHE,Orden de compra,Recibida completa,[MP00012] TOMATE DE ARBOL,1147.0,kg,1.25,1433.75,2026-05-26 15:55,2026-05-26 15:55,2026-05-27 10:05,,1433.75,2026-09-04 22:30:36
P00266,AGUILAR CHUGA CRISTOPHER ALEXANDER,PAOLA CALVACHE,Orden de compra,Recibida completa,[MP00003] GUAYABA,2677.0,kg,0.8,2141.6,2026-05-26 15:52,2026-05-26 15:52,2026-05-27 10:04,,2141.6,2026-09-04 22:30:36
P00265,LLUGLLUNA CAIZA JOSE MIGUEL,PAOLA CALVACHE,Orden de compra,Recibida completa,[MP00007] FRUTILLA,1705.0,kg,0.9,1534.5,2026-05-26 15:50,2026-05-26 15:50,2026-05-27 10:03,,1534.5,2026-09-04 22:30:36
P00264,NOGUERA GILER YOFFRE GEOVANNY,PAOLA CALVACHE,Orden de compra,Recibida completa,[MP00014] MARACUYA,7174.0,kg,0.74,5308.76,2026-05-25 19:09,2026-05-26 19:09,2026-05-26 22:08,,5308.76,2026-09-04 22:30:36
P00263,GUANABANA-BIG CIA.LTDA.,PAOLA CALVACHE,Orden de compra,Recibida completa,[MP00028] MOTA GUANABANA,4016.0,kg,1.4,5622.4,2026-05-22 16:55,2026-05-22 16:55,2026-05-27 10:14,,5622.4,2026-09-04 22:30:36
P00262,LISINTUÑA AYALA EDISON JOEL,PAOLA CALVACHE,Orden de compra,Recibida completa,[MP00016] MORA DE CASTILLA,275.0,kg,1.42,390.5,2026-05-22 16:21,2026-05-22 16:21,2026-05-27 10:13,,390.5,2026-09-04 22:30:36
P00261,QUERIDO LISINTUÑA SONIA TERESA,PAOLA CALVACHE,Orden de compra,Recibida completa,[MP00016] MORA DE CASTILLA,184.0,kg,1.42,261.28,2026-05-22 16:18,2026-05-22 14:18,2026-05-27 10:10,,261.28,2026-09-04 22:30:36
P00260,Ronquillo Cerda Braulio Mauricio,PAOLA CALVACHE,Orden de compra,Recibida completa,[MP00036] MORA TIPO B,590.0,kg,1.2,708.0,2026-05-22 16:10,2026-05-22 13:10,2026-05-27 10:10,,708.0,2026-09-04 22:30:36
P00259,FRIPA S.A.S.,PAOLA CALVACHE,Orden de compra,Recibida completa,[MP00028] MOTA GUANABANA,1012.0,kg,1.3,1315.6,2026-05-22 16:07,2026-05-22 16:07,2026-05-26 17:44,,1315.6,2026-09-04 22:30:36
P00258,SILVA ARMIJOS JESSICA DANIELA,PAOLA CALVACHE,Orden de compra,Recibida completa,[MP00016] MORA DE CASTILLA,122.0,kg,1.42,173.24,2026-05-22 16:04,2026-05-22 09:04,2026-05-27 10:09,,173.24,2026-09-04 22:30:36
P00257,LISINTUÑA TIPAN CARMEN MARIA,PAOLA CALVACHE,Orden de compra,Recibida completa,[MP00016] MORA DE CASTILLA,122.0,kg,1.42,173.24,2026-05-22 16:02,2026-05-22 09:02,2026-05-27 10:09,,173.24,2026-09-04 22:30:36
P00256,AGUILAR CHUGA CRISTOPHER ALEXANDER,PAOLA CALVACHE,Orden de compra,Recibida completa,[MP00003] GUAYABA,4860.0,kg,0.8,3888.0,2026-05-22 15:58,2026-05-22 10:58,2026-05-26 16:02,,3888.0,2026-09-04 22:30:36
P00255,DIAZ LALANGUI PEDRO FRANCISCO,PAOLA CALVACHE,Orden de compra,Recibida completa,[MP00028] MOTA GUANABANA,1766.0,kg,1.45,2560.7,2026-05-21 16:42,2026-05-21 15:42,2026-05-21 18:07,,2560.7,2026-09-04 22:30:36
P00254,AYALA ANTE JOSE MANUEL,PAOLA CALVACHE,Orden de compra,Recibida completa,[MP00036] MORA TIPO B,1310.0,kg,1.2,1572.0,2026-05-21 16:42,2026-05-21 11:42,2026-05-21 18:04,,1572.0,2026-09-04 22:30:36
P00253,MILANPLASTIC S A,PAOLA CALVACHE,Orden de compra,Recibida completa,[ROL204] ROLLO FUNDA GOYA USA PULPA DE MANGO 12X14 OZ,299.7,kg,6.2,1858.14,2026-05-21 15:14,2026-07-08 15:14,2026-07-13 22:41,,2136.86,2026-09-04 22:30:36
P00252,MILANPLASTIC S A,PAOLA CALVACHE,Orden de compra,Recibida completa,[FUN208] FUNDA GOYA USA PULPA DE PIÑA,35000.0,Units,0.0496,1736.0,2026-05-21 15:12,2026-07-01 00:00,2026-07-15 16:08,,1996.4,2026-09-04 22:30:36
P00251,Corrugadora Nacional Cransa S.A.,PAOLA CALVACHE,Orden de compra,Recibida completa,[CAJ207] CAJA GOYA USA PULPA DE PAPAYA,1628.0,Units,0.301,490.03,2026-05-21 15:08,2026-06-15 15:08,2026-06-25 12:05,,940.83,2026-09-04 22:30:36
P00251,Corrugadora Nacional Cransa S.A.,PAOLA CALVACHE,Orden de compra,Recibida completa,[CAJ208] CAJA GOYA USA PULPA DE PIÑA,1090.0,Units,0.301,328.09,2026-05-21 15:08,2026-06-15 15:08,2026-06-25 12:05,,940.83,2026-09-04 22:30:36
P00250,MILANPLASTIC S A,PAOLA CALVACHE,Orden de compra,Recibida completa,[ROL202] ROLLO FUNDA GOYA USA PULPA DE GUAYABA 12X14 OZ,314.4,kg,6.2,1949.28,2026-05-21 15:06,2026-07-08 15:06,2026-07-13 22:40,,2241.67,2026-09-04 22:30:36
P00249,Corrugadora Nacional Cransa S.A.,PAOLA CALVACHE,Orden de compra,Recibida completa,[CAJ201] CAJA GOYA USA PULPA DE GUANABANA,2180.0,Units,0.301,656.18,2026-05-21 15:05,2026-05-22 15:05,2026-06-22 10:16,,754.61,2026-09-04 22:30:36
P00248,Corrugadora Nacional Cransa S.A.,PAOLA CALVACHE,Orden de compra,Recibida completa,[CAJ203] CAJA GOYA USA PULPA DE LULO,1590.0,Units,0.301,478.59,2026-05-21 15:03,2026-06-11 15:03,2026-06-16 12:38,,806.53,2026-09-04 22:30:36
P00248,Corrugadora Nacional Cransa S.A.,PAOLA CALVACHE,Orden de compra,Recibida completa,[CAJ207] CAJA GOYA USA PULPA DE PAPAYA,740.0,Units,0.301,222.74,2026-05-21 15:03,2026-06-11 15:03,2026-06-16 12:38,,806.53,2026-09-04 22:30:36
P00247,Corrugadora Nacional Cransa S.A.,PAOLA CALVACHE,Orden de compra,Recibida completa,[CAJ208] CAJA GOYA USA PULPA DE PIÑA,740.0,Units,0.301,222.74,2026-05-21 15:01,2026-05-22 15:01,2026-06-09 12:02,,825.57,2026-09-04 22:30:36
P00247,Corrugadora Nacional Cransa S.A.,PAOLA CALVACHE,Orden de compra,Recibida completa,[CAJ202] CAJA GOYA USA PULPA DE GUAYABA,1645.0,Units,0.301,495.15,2026-05-21 15:01,2026-05-22 15:01,2026-06-09 12:02,,825.57,2026-09-04 22:30:36
P00246,GUANABANA-BIG CIA.LTDA.,PAOLA CALVACHE,Orden de compra,Recibida completa,[MP00028] MOTA GUANABANA,6620.0,kg,1.4,9268.0,2026-05-20 16:19,2026-05-20 14:19,2026-05-21 18:03,,9268.0,2026-09-04 22:30:36
P00245,MAYORGA CABRERA DAMIAN HENRY,PAOLA CALVACHE,Orden de compra,Recibida completa,[MP00213] DURAZNO GRADO 8,320.0,kg,1.45,464.0,2026-05-20 16:17,2026-05-20 16:17,2026-05-21 18:08,,464.0,2026-09-04 22:30:36
P00244,CAJIAO BEJAR ALEXANDRA YOLANDA,PAOLA CALVACHE,Orden de compra,Recibida completa,[MP00213] DURAZNO GRADO 8,233.0,kg,1.05,244.65,2026-05-20 11:30,2026-05-20 11:30,2026-05-21 12:16,,244.65,2026-09-04 22:30:36
P00243,LUCIO GARCIA FELIX ANCELMO,PAOLA CALVACHE,Orden de compra,Recibida completa,[MP00020] PAPAYA,3994.0,kg,1.15,4593.1,2026-05-20 11:29,2026-05-20 07:29,2026-05-21 15:28,,4593.1,2026-09-04 22:30:36
P00242,LAGUAQUIZA SANGUCHO SERGIO PAUL,PAOLA CALVACHE,Orden de compra,Recibida completa,[MP00154] FRUTILLA DESPITONADA PARA TOPPING,309.0,kg,1.04,321.36,2026-05-20 11:24,2026-05-20 06:24,2026-05-20 23:53,,321.36,2026-09-04 22:30:36
P00241,MINFARMS S.A.S.,PAOLA CALVACHE,Orden de compra,Recibida completa,[MP00028] MOTA GUANABANA,813.0,kg,1.38,1121.94,2026-05-19 21:05,2026-05-19 16:05,2026-05-21 16:43,,1121.94,2026-09-04 22:30:36
P00240,CHAVEZ TORRES MARLENE LASTENIA,PAOLA CALVACHE,Orden de compra,Recibida completa,[MP00019] NARANJILLA,1681.0,kg,0.85,1428.85,2026-05-19 21:04,2026-05-19 21:04,2026-05-20 23:49,,1428.85,2026-09-04 22:30:36
P00239,CHAVEZ TORRES MARLENE LASTENIA,PAOLA CALVACHE,Orden de compra,Recibida completa,[MP00019] NARANJILLA,4400.0,kg,1.0,4400.0,2026-05-19 21:03,2026-05-19 21:03,2026-05-20 23:49,,4400.0,2026-09-04 22:30:36
P00238,MILANPLASTIC S A,PAOLA CALVACHE,Orden de compra,Recibida completa,[FUN108] FUNDA MERICA PULPA MARACUYA CON PEPAS 500 g,47600.0,Units,0.061,2903.6,2026-05-19 14:57,2026-05-14 14:57,2026-05-21 12:49,,3339.14,2026-09-04 22:30:36
P00237,COMPANIA DE TRANSPORTE TYDCOSERVICES S.A.,PAOLA CALVACHE,Orden de compra,Recibida completa,[INS032] Diesel,1000.0,Units,4.1264,4126.45,2026-05-20 07:30,2026-05-20 12:29,2026-05-21 16:50,,4745.42,2026-09-04 22:30:36
P00236,JIMENEZ POZO OSCAR DAVID,PAOLA CALVACHE,Orden de compra,Recibida completa,[MP00036] MORA TIPO B,1315.0,kg,1.25,1643.75,2026-05-19 11:49,2026-05-19 10:49,2026-05-21 12:10,,1643.75,2026-09-04 22:30:36
P00235,AGUILAR CHUGA CRISTOPHER ALEXANDER,PAOLA CALVACHE,Orden de compra,Recibida completa,[MP00003] GUAYABA,4025.0,kg,0.8,3220.0,2026-05-19 11:45,2026-05-19 07:45,2026-05-20 12:28,,3220.0,2026-09-04 22:30:36
P00234,DIAZ LALANGUI PEDRO FRANCISCO,PAOLA CALVACHE,Orden de compra,Recibida completa,[MP00005] COCO,1934.0,kg,3.9,7542.6,2026-05-19 11:44,2026-05-19 06:44,2026-05-20 12:38,,7542.6,2026-09-04 22:30:36
P00233,EVIAS PAEZ LEONELA ANDREINA,PAOLA CALVACHE,Orden de compra,Recibida completa,[MP00034] ARANDANO,666.0,kg,7.6,5061.6,2026-05-19 11:08,2026-05-18 11:08,2026-05-20 12:24,,5061.6,2026-09-04 22:30:36
P00232,ALITECNO COMERCIO DE INSUMOS PARA LA INDUSTRIA DE ALIMENTOS,PAOLA CALVACHE,Orden de compra,Recibida completa,[EPP029] MANDIL AZUL PVC,40.0,Units,14.5,580.0,2026-05-20 15:53,2026-05-03 00:00,2026-05-20 12:24,,667.0,2026-09-04 22:30:36
P00231,MILANPLASTIC S A,PAOLA CALVACHE,Orden de compra,Recibida completa,[FUN110] FUNDA MERICA MORA ENTERA 500 g,53300.0,Units,0.061,3251.3,2026-05-13 15:44,2026-05-13 15:44,2026-05-19 10:56,,3739.0,2026-09-04 22:30:36
P00230,LLUGLLUNA CAIZA JOSE MIGUEL,PAOLA CALVACHE,Orden de compra,Recibida completa,[MP00007] FRUTILLA,1599.0,kg,0.9,1439.1,2026-05-18 15:38,2026-05-18 06:38,2026-05-19 10:44,,1439.1,2026-09-04 22:30:36
P00229,AMCECUADOR CIA. LTDA.,PAOLA CALVACHE,Orden de compra,Recibida completa,[EPP025] GUANTE CAUCHO NEGRO TALLA 8,36.0,Units,1.4,50.4,2026-05-18 15:15,2026-05-20 00:00,2026-05-21 18:16,,328.03,2026-09-04 22:30:36
P00229,AMCECUADOR CIA. LTDA.,PAOLA CALVACHE,Orden de compra,Recibida completa,[EPP023] GUANTE CAUCHO AZUL TALLA 8,36.0,Units,1.27,45.72,2026-05-18 15:15,2026-05-20 00:00,2026-05-21 18:16,,328.03,2026-09-04 22:30:36
P00229,AMCECUADOR CIA. LTDA.,PAOLA CALVACHE,Orden de compra,Recibida completa,[EPP021] GUANTE CAUCHO AMARILLO TALLA 8,36.0,Units,1.27,45.72,2026-05-18 15:15,2026-05-20 00:00,2026-05-21 18:16,,328.03,2026-09-04 22:30:36
P00229,AMCECUADOR CIA. LTDA.,PAOLA CALVACHE,Orden de compra,Recibida completa,[EPP026] GUANTE CAUCHO NEGRO TALLA 9,48.0,Units,1.4,67.2,2026-05-18 15:15,2026-05-20 00:00,2026-05-21 18:16,,328.03,2026-09-04 22:30:36
P00229,AMCECUADOR CIA. LTDA.,PAOLA CALVACHE,Orden de compra,Recibida completa,[EPP022] GUANTE CAUCHO AMARILLO TALLA 9,60.0,Units,1.27,76.2,2026-05-18 15:15,2026-05-20 00:00,2026-05-21 18:16,,328.03,2026-09-04 22:30:36
P00228,LISINTUÑA AYALA EDISON JOEL,PAOLA CALVACHE,Orden de compra,Recibida completa,[MP00016] MORA DE CASTILLA,282.0,kg,1.42,400.44,2026-05-15 16:39,2026-05-15 16:39,2026-05-18 09:08,,400.44,2026-09-04 22:30:36
P00227,QUERIDO LISINTUÑA SONIA TERESA,PAOLA CALVACHE,Orden de compra,Recibida completa,[MP00242] MORA CATEGORIA 1,103.0,kg,1.5,154.5,2026-05-15 16:17,2026-05-15 16:17,2026-05-18 09:07,,154.5,2026-09-04 22:30:36
P00226,Ronquillo Cerda Braulio Mauricio,PAOLA CALVACHE,Orden de compra,Recibida completa,[MP00036] MORA TIPO B,213.0,kg,1.2,255.6,2026-05-15 16:15,2026-05-15 13:15,2026-05-18 09:06,,255.6,2026-09-04 22:30:36
P00225,CAISALITIN NAULA DARWIN PATRICIO,PAOLA CALVACHE,Orden de compra,Recibida completa,[MP00154] FRUTILLA DESPITONADA PARA TOPPING,602.0,kg,1.0,602.0,2026-05-15 16:06,2026-05-15 07:06,2026-05-18 09:06,,602.0,2026-09-04 22:30:36
P00224,LAGUAQUIZA SANGUCHO SERGIO PAUL,PAOLA CALVACHE,Orden de compra,Recibida completa,[MP00154] FRUTILLA DESPITONADA PARA TOPPING,455.0,kg,1.04,473.2,2026-05-15 15:20,2026-05-15 15:20,2026-05-18 09:07,,473.2,2026-09-04 22:30:36
P00223,MILANPLASTIC S A,PAOLA CALVACHE,Orden de compra,Recibida completa,[FUN204] FUNDA GOYA USA PULPA DE MANGO,70300.0,Units,0.0441,3100.23,2026-05-15 14:45,2026-05-12 14:45,2026-05-18 09:04,,3565.26,2026-09-04 22:30:36
P00222,MILANPLASTIC S A,PAOLA CALVACHE,Orden de compra,Recibida completa,[FUN110] FUNDA MERICA MORA ENTERA 500 g,14000.0,Units,0.061,854.0,2026-05-15 14:44,2026-05-12 14:44,2026-05-18 09:04,,982.1,2026-09-04 22:30:36
P00221,AYALA ANTE JOSE MANUEL,PAOLA CALVACHE,Orden de compra,Recibida completa,[MP00235] MORA DESPITONADA,350.0,kg,1.4,490.0,2026-05-15 03:06,2026-05-14 09:06,2026-05-18 09:05,,490.0,2026-09-04 22:30:36
P00220,AYALA ANTE JOSE MANUEL,PAOLA CALVACHE,Orden de compra,Recibida completa,[MP00036] MORA TIPO B,573.0,kg,1.2,687.6,2026-05-15 03:05,2026-05-14 09:05,2026-05-18 09:05,,687.6,2026-09-04 22:30:36
P00219,AGUILAR CHUGA CRISTOPHER ALEXANDER,PAOLA CALVACHE,Orden de compra,Recibida completa,[MP00003] GUAYABA,3268.0,kg,0.8,2614.4,2026-05-15 03:03,2026-05-14 07:03,2026-05-15 11:22,,2614.4,2026-09-04 22:30:36
P00218,DIAZ LALANGUI PEDRO FRANCISCO,PAOLA CALVACHE,Orden de compra,Recibida completa,[MP00028] MOTA GUANABANA,1670.0,kg,1.45,2421.5,2026-05-13 17:13,2026-05-13 17:13,2026-05-15 12:06,,2421.5,2026-09-04 22:30:36
P00217,LUCIO GARCIA FELIX ANCELMO,PAOLA CALVACHE,Orden de compra,Recibida completa,[MP00020] PAPAYA,4367.0,kg,1.15,5022.05,2026-05-13 17:11,2026-05-13 07:11,2026-05-14 14:47,,5022.05,2026-09-04 22:30:36
P00216,MILANPLASTIC S A,PAOLA CALVACHE,Orden de compra,Recibida completa,[FUN102] FUNDA MERICA PULPA DE MANGO 250 g,68300.0,Units,0.0323,2206.09,2026-05-13 14:10,2026-05-11 14:10,2026-05-13 16:23,,2537.0,2026-09-04 22:30:36
P00215,MILANPLASTIC S A,PAOLA CALVACHE,Orden de compra,Recibida completa,[FUN104] FUNDA MERICA PULPA DE MORA 250 g,65300.0,Units,0.0323,2109.19,2026-05-13 14:09,2026-05-11 14:09,2026-05-13 16:31,,2425.57,2026-09-04 22:30:36
P00214,MILANPLASTIC S A,PAOLA CALVACHE,Orden de compra,Recibida completa,[FUN206] FUNDA GOYA USA PULPA DE MORA,70100.0,Units,0.0441,3091.41,2026-05-13 14:08,2026-05-11 14:08,2026-05-13 16:31,,3555.12,2026-09-04 22:30:36
P00213,SECADO Y TRATADO DE MADERA SETRAMAD CIA. LTDA.,PAOLA CALVACHE,Orden de compra,Recibida completa,[PAL0001] PALLET RECICLADO DE MADERA ESTANDAR 100X120 CM,60.0,Units,6.5,390.0,2026-05-13 14:01,2026-05-11 14:01,2026-05-13 16:13,,448.5,2026-09-04 22:30:36
P00212,DISTRIBUIDORA DESCALZI S.A.,PAOLA CALVACHE,Orden de compra,Recibida completa,[CAL010] HISOPO CLEAN TRACE SUPERFICIE UXL100,150.0,Units,2.4,360.0,2026-05-13 12:53,2026-05-15 00:00,2026-05-21 12:09,,1541.58,2026-09-04 22:30:36
P00212,DISTRIBUIDORA DESCALZI S.A.,PAOLA CALVACHE,Orden de compra,Recibida completa,[CAL009] PLACA PTRFLM AEROBIOS,100.0,Units,1.02,102.0,2026-05-13 12:53,2026-05-15 00:00,2026-05-21 12:09,,1541.58,2026-09-04 22:30:36
P00212,DISTRIBUIDORA DESCALZI S.A.,PAOLA CALVACHE,Orden de compra,Recibida completa,[CAL008] PLACA PTRFLM MOHOS Y LEVADURA,100.0,Units,1.15,115.0,2026-05-13 12:53,2026-05-15 00:00,2026-05-21 12:09,,1541.58,2026-09-04 22:30:36
P00212,DISTRIBUIDORA DESCALZI S.A.,PAOLA CALVACHE,Orden de compra,Recibida completa,[CAL007] PLACA PTRFLM RAPID E. COLI-COLIFORME,150.0,Units,2.04,306.0,2026-05-13 12:53,2026-05-15 00:00,2026-05-21 12:09,,1541.58,2026-09-04 22:30:36
P00212,DISTRIBUIDORA DESCALZI S.A.,PAOLA CALVACHE,Orden de compra,Recibida completa,[CAL006] PLACA PTRFLM RAPID MOHOS Y LEVADURAS,150.0,Units,1.7,255.0,2026-05-13 12:53,2026-05-15 00:00,2026-05-21 12:09,,1541.58,2026-09-04 22:30:36
P00212,DISTRIBUIDORA DESCALZI S.A.,PAOLA CALVACHE,Orden de compra,Recibida completa,[CAL005] PLACA PTRFLM RAPID AEROBIOS,25.0,Units,1.7,42.5,2026-05-13 12:53,2026-05-15 00:00,2026-05-21 12:09,,1541.58,2026-09-04 22:30:36
P00212,DISTRIBUIDORA DESCALZI S.A.,PAOLA CALVACHE,Orden de compra,Recibida completa,[CAL002] HISOPO CLEAN TRACE WATER AQT200,40.0,Units,4.0,160.0,2026-05-13 12:53,2026-05-15 00:00,2026-05-21 12:09,,1541.58,2026-09-04 22:30:36
P00211,QUICORNAC S.A.,PAOLA CALVACHE,Orden de compra,Recibida completa,[MP00024] CONCENTRADO DE GUAYABA,4400.0,kg,2.2,9680.0,2026-05-13 09:28,2026-05-14 09:28,2026-05-28 12:35,,11132.0,2026-09-04 22:30:36
P00210,MINFARMS S.A.S.,PAOLA CALVACHE,Orden de compra,Recibida completa,[MP00028] MOTA GUANABANA,982.0,kg,1.38,1355.16,2026-05-13 08:57,2026-05-12 08:57,2026-05-13 11:24,,1355.16,2026-09-04 22:30:36
P00209,CHAVEZ TORRES MARLENE LASTENIA,PAOLA CALVACHE,Orden de compra,Recibida completa,[MP00019] NARANJILLA,3562.0,kg,1.0,3562.0,2026-05-12 16:12,2026-05-12 12:12,2026-05-13 11:24,,3562.0,2026-09-04 22:30:36
P00208,JIMENEZ POZO OSCAR DAVID,PAOLA CALVACHE,Orden de compra,Recibida completa,[MP00036] MORA TIPO B,1073.0,kg,1.25,1341.25,2026-05-12 16:10,2026-05-12 09:10,2026-05-13 11:24,,1341.25,2026-09-04 22:30:36
P00207,Ronquillo Cerda Braulio Mauricio,PAOLA CALVACHE,Orden de compra,Recibida completa,[MP00036] MORA TIPO B,175.0,kg,1.2,210.0,2026-05-12 15:02,2026-05-08 15:02,2026-05-12 15:32,,210.0,2026-09-04 22:30:36
P00206,MILANPLASTIC S A,PAOLA CALVACHE,Orden de compra,Recibida completa,[FUN107] FUNDA MERICA PULPA GUAYABA 250 g,70000.0,Units,0.0323,2261.0,2026-05-12 12:18,2026-05-08 12:18,2026-05-12 16:40,,2600.15,2026-09-04 22:30:36
P00205,GUANABANA-BIG CIA.LTDA.,PAOLA CALVACHE,Orden de compra,Recibida completa,[MP00028] MOTA GUANABANA,4944.0,kg,1.4,6921.6,2026-05-12 09:56,2026-05-11 09:56,2026-05-12 12:34,,6921.6,2026-09-04 22:30:36
P00204,GARCES ERAZO ESTEBAN ISRAEL,PAOLA CALVACHE,Orden de compra,Recibida completa,[MP00012] TOMATE DE ARBOL,5907.0,kg,1.25,7383.75,2026-05-11 17:00,2026-05-12 17:00,2026-05-12 12:37,,7383.75,2026-09-04 22:30:36
P00203,GARCES ERAZO ESTEBAN ISRAEL,PAOLA CALVACHE,Orden de compra,Recibida completa,[MP00241] TOMATE DE ARBOL 4 CM,672.0,kg,1.55,1041.6,2026-05-11 16:58,2026-05-12 16:58,2026-05-12 12:36,,1041.6,2026-09-04 22:30:36
P00202,NOGUERA GILER YOFFRE GEOVANNY,PAOLA CALVACHE,Orden de compra,Recibida completa,[MP00014] MARACUYA,7593.0,kg,0.72,5466.96,2026-05-11 16:54,2026-05-12 16:54,2026-05-12 12:35,,5466.96,2026-09-04 22:30:36
P00201,ETIQUETAS-FIR CIA.LTDA.,PAOLA CALVACHE,Orden de compra,Recibida completa,"[ETI004] ETIQUETA ADHESIVA BLANCA TROQUELADA 10,1X6,4 CM",20000.0,Units,0.01,200.0,2026-05-11 09:11,2026-05-15 09:11,2026-05-21 16:50,,230.0,2026-09-04 22:30:36
P00200,GUANABANA-BIG CIA.LTDA.,PAOLA CALVACHE,Orden de compra,Recibida completa,[MP00028] MOTA GUANABANA,4977.0,kg,1.4,6967.8,2026-05-08 16:14,2026-05-08 16:14,2026-05-12 10:59,,6967.8,2026-09-04 22:30:36
P00199,LISINTUÑA AYALA EDISON JOEL,PAOLA CALVACHE,Orden de compra,Recibida completa,[MP00016] MORA DE CASTILLA,213.0,kg,1.42,302.46,2026-05-08 16:13,2026-05-08 16:13,2026-05-11 15:30,,302.46,2026-09-04 22:30:36
P00198,QUERIDO LISINTUÑA SONIA TERESA,PAOLA CALVACHE,Orden de compra,Recibida completa,[MP00016] MORA DE CASTILLA,150.0,kg,1.42,213.0,2026-05-08 16:11,2026-05-08 11:11,2026-05-11 15:31,,213.0,2026-09-04 22:30:36
P00197,SILVA ARMIJOS JESSICA DANIELA,PAOLA CALVACHE,Orden de compra,Recibida completa,[MP00016] MORA DE CASTILLA,362.0,kg,1.42,514.04,2026-05-08 16:02,2026-05-08 09:02,2026-05-11 15:31,,514.04,2026-09-04 22:30:36
P00196,LISINTUÑA TIPAN CARMEN MARIA,PAOLA CALVACHE,Orden de compra,Recibida completa,[MP00016] MORA DE CASTILLA,242.0,kg,1.42,343.64,2026-05-08 15:59,2026-05-08 08:59,2026-05-11 15:31,,343.64,2026-09-04 22:30:36
P00195,GALLARDO PORTILLA EDWIN GEOVANNY,PAOLA CALVACHE,Orden de compra,Recibida completa,[MP00212] NARANJILLA DE JUGO,1302.0,kg,1.0,1302.0,2026-05-08 15:40,2026-05-08 15:40,2026-05-11 15:32,,1302.0,2026-09-04 22:30:36
P00194,GELARDO RUIZ CLARA,PAOLA CALVACHE,Orden de compra,Recibida completa,[MP00022] PIÑA,1218.0,kg,0.35,426.3,2026-05-08 15:37,2026-05-08 06:37,2026-05-11 15:29,,426.3,2026-09-04 22:30:36
P00193,CHIRIBOGA LOPEZ LUIS SANTIAGO,PAOLA CALVACHE,Orden de compra,Recibida completa,[MP00034] ARANDANO,272.0,kg,5.8,1577.6,2026-05-07 17:04,2026-05-07 12:04,2026-05-08 11:25,,1577.6,2026-09-04 22:30:36
P00191,AYALA ANTE JOSE MANUEL,PAOLA CALVACHE,Orden de compra,Recibida completa,[MP00036] MORA TIPO B,512.0,kg,1.2,614.4,2026-05-07 16:59,2026-05-07 09:59,2026-05-08 11:25,,614.4,2026-09-04 22:30:36
P00190,AGUILAR CHUGA CRISTOPHER ALEXANDER,PAOLA CALVACHE,Orden de compra,Recibida completa,[MP00003] GUAYABA,4268.0,kg,0.8,3414.4,2026-05-07 16:58,2026-05-07 08:58,2026-05-08 11:25,,3414.4,2026-09-04 22:30:36
P00189,CAISALITIN NAULA DARWIN PATRICIO,PAOLA CALVACHE,Orden de compra,Recibida completa,[MP00154] FRUTILLA DESPITONADA PARA TOPPING,1015.0,kg,1.0,1015.0,2026-05-07 14:41,2026-05-07 06:41,2026-05-08 11:25,,1015.0,2026-09-04 22:30:36
P00188,DIAZ LALANGUI PEDRO FRANCISCO,PAOLA CALVACHE,Orden de compra,Recibida completa,[MP00028] MOTA GUANABANA,1151.0,kg,1.48,1703.48,2026-05-06 16:18,2026-05-06 16:18,2026-05-08 11:24,,1703.48,2026-09-04 22:30:36
P00187,COMERCIO EXTERIOR CECOMEX S.A.,PAOLA CALVACHE,Orden de compra,Recibida completa,[INS003] AIRBAG FUNDA PLASTICA 90X180 CM,60.0,Units,8.9,534.0,2026-05-06 15:31,2026-05-07 15:31,2026-05-11 14:14,,614.1,2026-09-04 22:30:36
P00186,MINFARMS S.A.S.,PAOLA CALVACHE,Orden de compra,Recibida completa,[MP00028] MOTA GUANABANA,1498.0,kg,1.38,2067.24,2026-05-05 20:29,2026-05-05 14:29,2026-05-06 12:19,,2067.24,2026-09-04 22:30:36
P00185,CHAVEZ TORRES MARLENE LASTENIA,PAOLA CALVACHE,Orden de compra,Recibida completa,[MP00019] NARANJILLA,1925.0,kg,1.0,1925.0,2026-05-05 16:14,2026-05-05 11:14,2026-05-06 12:19,,1925.0,2026-09-04 22:30:36
P00184,JIMENEZ POZO OSCAR DAVID,PAOLA CALVACHE,Orden de compra,Recibida completa,[MP00036] MORA TIPO B,1069.0,kg,1.25,1336.25,2026-05-05 16:11,2026-05-05 16:11,2026-05-06 12:19,,1336.25,2026-09-04 22:30:36
P00183,CHIGUANO AYALA EDGAR DAVID,PAOLA CALVACHE,Orden de compra,Recibida completa,[MP00036] MORA TIPO B,205.0,kg,1.25,256.25,2026-05-05 16:08,2026-05-05 08:30,2026-05-06 12:19,,256.25,2026-09-04 22:30:36
P00182,VILLAVICENCIO VERA KARLA VIVIANA,PAOLA CALVACHE,Orden de compra,Recibida completa,[MP00003] GUAYABA,2279.0,kg,0.9,2051.1,2026-05-05 15:56,2026-05-05 07:56,2026-05-06 12:19,,2051.1,2026-09-04 22:30:36
P00181,LABMAREMI ECUADOR CIA.LTDA.,PAOLA CALVACHE,Orden de compra,Recibida completa,[INS030] GUANTE DESECHABLE TALLA L,15.0,Units,4.4,66.0,2026-05-05 15:37,2026-05-07 00:00,2026-05-08 10:19,,132.0,2026-09-04 22:30:36
P00181,LABMAREMI ECUADOR CIA.LTDA.,PAOLA CALVACHE,Orden de compra,Recibida completa,[INS029] GUANTE DESECHABLE TALLA M,15.0,Units,4.4,66.0,2026-05-05 15:37,2026-05-07 00:00,2026-05-08 10:19,,132.0,2026-09-04 22:30:36
P00180,PRODUTECNICA S.A.,PAOLA CALVACHE,Orden de compra,Recibida completa,[MP00132] ANTI ESPUMANTE PROSIL AF-1520,20.0,kg,8.0,160.0,2026-05-05 15:30,2026-05-11 15:30,2026-05-29 11:16,,184.0,2026-09-04 22:30:36
P00179,QUIMERCO S.A.S,PAOLA CALVACHE,Orden de compra,Recibida completa,[MP00206] ALMIDON KOL GUARDO NG,181.44,kg,3.2,580.61,2026-05-05 15:21,2026-05-18 00:00,2026-05-21 16:48,,1398.0,2026-09-04 22:30:36
P00179,QUIMERCO S.A.S,PAOLA CALVACHE,Orden de compra,Recibida completa,[MP00120] FRUCTOSA,181.44,kg,3.5,635.04,2026-05-05 15:21,2026-05-18 00:00,2026-05-21 16:48,,1398.0,2026-09-04 22:30:36
P00178,TOP TRADING TOPTRA CIA. LTDA.,PAOLA CALVACHE,Orden de compra,Recibida completa,[MP00056] ACIDO ASCORBICO,50.0,kg,5.81,290.5,2026-05-05 15:17,2026-05-18 00:00,2026-05-21 12:52,,407.68,2026-09-04 22:30:36
P00178,TOP TRADING TOPTRA CIA. LTDA.,PAOLA CALVACHE,Orden de compra,Recibida completa,[MP00057] ACIDO CITRICO,50.0,kg,1.28,64.0,2026-05-05 15:17,2026-05-25 00:00,2026-05-21 12:52,,407.68,2026-09-04 22:30:36
P00177,ALITECNO COMERCIO DE INSUMOS PARA LA INDUSTRIA DE ALIMENTOS,PAOLA CALVACHE,Orden de compra,Recibida completa,[FUN002] FUNDA METALIZADA C/VALVULA 1 KG,2000.0,Units,0.27,540.0,2026-05-05 15:11,2026-05-18 00:00,2026-05-12 12:18,,621.0,2026-09-04 22:30:36
P00176,DISTRIBUIDORA DESCALZI S.A.,PAOLA CALVACHE,Orden de compra,Recibida completa,[MP00244] ESENCIA DE FRESA,11.799,kg,20.6,243.06,2026-05-05 13:01,2026-05-11 13:01,2026-05-12 12:21,,279.52,2026-09-04 22:30:36
P00175,LIRA LABORATORIOS REPRESENTACIONES Y AGENCIAS S.A.,PAOLA CALVACHE,Orden de compra,Recibida completa,[INS004] ALCOHOL ANTISEPTICO 72%,36.0,Units,4.25,153.0,2026-05-05 12:32,2026-05-11 12:32,2026-05-13 11:24,,189.64,2026-09-04 22:30:36
P00175,LIRA LABORATORIOS REPRESENTACIONES Y AGENCIAS S.A.,PAOLA CALVACHE,Orden de compra,Recibida completa,[INS005] ALCOHOL POTABLE 90%,8.0,Units,4.58,36.64,2026-05-05 12:32,2026-05-11 12:32,2026-05-13 11:24,,189.64,2026-09-04 22:30:36
P00174,TOP TRADING TOPTRA CIA. LTDA.,PAOLA CALVACHE,Orden de compra,Recibida completa,[MP00070] BENZOATO DE SODIO,50.0,kg,2.5,125.0,2026-05-05 11:31,2026-05-06 00:00,2026-05-07 10:55,,543.38,2026-09-04 22:30:36
P00174,TOP TRADING TOPTRA CIA. LTDA.,PAOLA CALVACHE,Orden de compra,Recibida completa,[MP00126] SORBATO DE POTASIO,50.0,kg,6.95,347.5,2026-05-05 11:31,2026-05-06 11:31,2026-05-07 10:55,,543.38,2026-09-04 22:30:36
P00172,EVIAS PAEZ LEONELA ANDREINA,PAOLA CALVACHE,Orden de compra,Recibida completa,[MP00034] ARANDANO,520.0,kg,7.6,3952.0,2026-05-04 17:16,2026-05-04 10:16,2026-05-05 11:27,,3952.0,2026-09-04 22:30:36
P00171,GUANABANA-BIG CIA.LTDA.,PAOLA CALVACHE,Orden de compra,Recibida completa,[MP00028] MOTA GUANABANA,5079.0,kg,1.4,7110.6,2026-05-04 17:15,2026-05-04 11:15,2026-05-05 11:27,,7110.6,2026-09-04 22:30:36
P00170,NOGUERA GILER YOFFRE GEOVANNY,PAOLA CALVACHE,Orden de compra,Recibida completa,[MP00014] MARACUYA,7524.0,kg,0.68,5116.32,2026-05-04 17:14,2026-05-04 08:14,2026-05-05 11:27,,5116.32,2026-09-04 22:30:36
P00169,LLUGLLUNA CAIZA JOSE MIGUEL,PAOLA CALVACHE,Orden de compra,Recibida completa,[MP00007] FRUTILLA,3016.0,kg,0.9,2714.4,2026-05-04 17:13,2026-05-04 07:13,2026-05-05 11:27,,2714.4,2026-09-04 22:30:36
P00168,DIAZ LALANGUI PEDRO FRANCISCO,PAOLA CALVACHE,Orden de compra,Recibida completa,[MP00027] TAMARINDO,1400.0,kg,2.05,2870.0,2026-05-04 17:11,2026-05-04 06:11,2026-05-05 11:26,,2870.0,2026-09-04 22:30:36
P00167,GUANABANA-BIG CIA.LTDA.,PAOLA CALVACHE,Orden de compra,Recibida completa,[MP00028] MOTA GUANABANA,4145.0,kg,1.4,5803.0,2026-04-30 12:11,2026-04-30 12:11,2026-04-30 14:17,,5803.0,2026-09-04 22:30:36
P00166,"Procesadora Continental De Alimentos,S.A.",PAOLA CALVACHE,Orden de compra,Recibida completa,[MP00023] PIÑA PELADA,1308.0,kg,1.2,1569.6,2026-04-30 11:35,2026-05-07 09:35,2026-05-08 10:31,,1569.6,2026-09-04 22:30:36
P00165,AGUILAR CHUGA CRISTOPHER ALEXANDER,PAOLA CALVACHE,Orden de compra,Recibida completa,[MP00003] GUAYABA,2975.0,kg,0.75,2231.25,2026-04-30 08:48,2026-04-30 08:48,2026-04-30 08:55,,2231.25,2026-09-04 22:30:36
P00164,LAGUAQUIZA SANGUCHO SERGIO PAUL,PAOLA CALVACHE,Orden de compra,Recibida completa,[MP00154] FRUTILLA DESPITONADA PARA TOPPING,446.0,kg,1.04,463.84,2026-04-30 08:47,2026-04-30 08:47,2026-04-30 08:55,,463.84,2026-09-04 22:30:36
P00163,MILANPLASTIC S A,PAOLA CALVACHE,Orden de compra,Recibida completa,[FUN302] FUNDA GOYA UE PULPA GUAYABA 250 g,39800.0,Units,0.0322,1281.44,2026-04-30 08:16,2026-04-28 08:16,2026-04-30 08:50,,1473.66,2026-09-04 22:30:36
P00162,MILANPLASTIC S A,PAOLA CALVACHE,Orden de compra,Recibida completa,[FUN301] FUNDA GOYA UE PULPA GUANABANA 250 g,57000.0,Units,0.0278,1584.6,2026-04-30 08:15,2026-04-28 08:15,2026-04-30 08:50,,1822.29,2026-09-04 22:30:36
P00161,MILANPLASTIC S A,PAOLA CALVACHE,Orden de compra,Recibida completa,[FUN303] FUNDA GOYA UE PULPA MORA 250 g,24300.0,Units,0.0278,675.54,2026-04-30 08:14,2026-04-28 08:14,2026-04-30 08:50,,776.87,2026-09-04 22:30:36
P00160,MILANPLASTIC S A,PAOLA CALVACHE,Orden de compra,Recibida completa,[FUN103] FUNDA MERICA PULPA DE MARACUYA 250 g,43700.0,Units,0.0323,1411.51,2026-04-30 08:11,2026-04-28 08:11,2026-04-30 08:50,,1623.24,2026-09-04 22:30:36
P00159,DIAZ LALANGUI PEDRO FRANCISCO,PAOLA CALVACHE,Orden de compra,Recibida completa,[MP00028] MOTA GUANABANA,1000.0,kg,1.48,1480.0,2026-04-30 08:08,2026-04-29 14:08,2026-04-30 08:50,,1480.0,2026-09-04 22:30:36
P00158,MOVERPRINT CIA. LTDA.,PAOLA CALVACHE,Orden de compra,Recibida completa,"[ETI009] ETIQUETA ADHESIVA VERDE 10X29,55 CM",2500.0,Units,0.06,149.93,2026-04-29 15:00,2026-04-23 15:00,2026-04-29 15:04,,172.42,2026-09-04 22:30:36
P00157,MILANPLASTIC S A,PAOLA CALVACHE,Orden de compra,Recibida completa,[FUN103] FUNDA MERICA PULPA DE MARACUYA 250 g,74900.0,Units,0.0323,2419.27,2026-04-29 12:55,2026-04-27 12:55,2026-04-29 16:54,,2782.16,2026-09-04 22:30:36
P00156,MILANPLASTIC S A,PAOLA CALVACHE,Orden de compra,Recibida completa,[FUN303] FUNDA GOYA UE PULPA MORA 250 g,55000.0,Units,0.0278,1529.0,2026-04-29 12:54,2026-04-27 12:54,2026-04-29 16:54,,1758.35,2026-09-04 22:30:36
P00155,MILANPLASTIC S A,PAOLA CALVACHE,Orden de compra,Recibida completa,[FUN103] FUNDA MERICA PULPA DE MARACUYA 250 g,24000.0,Units,0.0323,775.2,2026-04-29 12:51,2026-04-27 12:51,2026-04-29 16:54,,891.48,2026-09-04 22:30:36
P00154,MILANPLASTIC S A,PAOLA CALVACHE,Orden de compra,Recibida completa,[FUN105] FUNDA MERICA PULPA DE NARANJILLA 250 g,59700.0,Units,0.0323,1928.31,2026-04-29 12:50,2026-04-27 12:50,2026-04-29 16:54,,2217.56,2026-09-04 22:30:36
P00153,MILANPLASTIC S A,PAOLA CALVACHE,Orden de compra,Recibida completa,[FUN106] FUNDA MERICA PULPA GUANABANA 250 g,73500.0,Units,0.0323,2374.05,2026-04-29 12:48,2026-04-27 12:48,2026-04-29 16:54,,2730.16,2026-09-04 22:30:36
P00152,COMPANIA DE TRANSPORTE TYDCOSERVICES S.A.,PAOLA CALVACHE,Orden de compra,Recibida completa,[INS032] Diesel,1000.0,Units,4.1562,4156.23,2026-04-29 12:44,2026-04-27 12:44,2026-04-29 13:21,,4779.66,2026-09-04 22:30:36
P00151,CAISALITIN NAULA DARWIN PATRICIO,PAOLA CALVACHE,Orden de compra,Recibida completa,[MP00154] FRUTILLA DESPITONADA PARA TOPPING,517.0,kg,1.0,517.0,2026-04-29 12:33,2026-04-29 06:33,2026-04-29 16:54,,517.0,2026-09-04 22:30:36
P00150,GRUPO DYMAP SCC.,PAOLA CALVACHE,Orden de compra,Recibida completa,[PAL0003] PALLET EUROPEO DE MADERA 80X120 CM,40.0,Units,14.75,590.0,2026-04-29 12:02,2026-05-21 00:00,2026-05-28 17:28,,1251.2,2026-09-04 22:30:36
P00150,GRUPO DYMAP SCC.,PAOLA CALVACHE,Orden de compra,Recibida completa,[PAL0002] PALLET ESTANDAR DE MADERA 100X120 CM,40.0,Units,12.45,498.0,2026-04-29 12:02,2026-05-21 00:00,2026-05-28 17:28,,1251.2,2026-09-04 22:30:36
P00149,MOVERPRINT CIA. LTDA.,PAOLA CALVACHE,Orden de compra,Recibida completa,[ETI001] ETIQUETA ADHESIVA BLANCA 9X12 CM,20000.0,Units,0.021,420.0,2026-04-29 12:00,2026-05-18 00:00,2026-05-19 10:42,,483.0,2026-09-04 22:30:36
P00148,Compania Nacional de Plasticos Conaplas S.A.,PAOLA CALVACHE,Orden de compra,Recibida completa,[CIN003] CINTA DE EMBALAJE TRANSP 48X1000 YD,18.0,Units,6.5,117.0,2026-04-29 11:57,2026-05-15 11:57,2026-05-11 14:05,,134.55,2026-09-04 22:30:36
P00147,Corrugadora Nacional Cransa S.A.,PAOLA CALVACHE,Orden de compra,Recibida completa,[EMB100] PERFIL DE EMBALAJE,500.0,Units,0.655,327.5,2026-04-29 11:50,2026-05-15 00:00,2026-05-19 10:42,,376.63,2026-09-04 22:30:36
P00146,COMERCIO EXTERIOR CECOMEX S.A.,PAOLA CALVACHE,Orden de compra,Recibida completa,[INS003] AIRBAG FUNDA PLASTICA 90X180 CM,75.0,Units,8.9,667.5,2026-04-29 11:48,2026-05-07 00:00,2026-08-05 11:22,,767.63,2026-09-04 22:30:36
P00145,GRUPO DYMAP SCC.,PAOLA CALVACHE,Orden de compra,Recibida completa,[PAL0003] PALLET EUROPEO DE MADERA 80X120 CM,40.0,Units,14.75,590.0,2026-04-29 11:44,2026-05-11 00:00,2026-05-13 16:31,,1251.2,2026-09-04 22:30:36
P00145,GRUPO DYMAP SCC.,PAOLA CALVACHE,Orden de compra,Recibida completa,[PAL0002] PALLET ESTANDAR DE MADERA 100X120 CM,40.0,Units,12.45,498.0,2026-04-29 11:44,2026-05-11 00:00,2026-05-13 16:31,,1251.2,2026-09-04 22:30:36
P00144,LABMAREMI ECUADOR CIA.LTDA.,PAOLA CALVACHE,Orden de compra,Recibida completa,[INS024] PAPEL HIGIENICO INDUSTRIAL,20.0,Units,1.8,36.0,2026-04-29 11:38,2026-05-04 00:00,2026-05-05 16:07,,142.6,2026-09-04 22:30:36
P00144,LABMAREMI ECUADOR CIA.LTDA.,PAOLA CALVACHE,Orden de compra,Recibida completa,[EPP027] GUANTE RECUBIERTO DE NITRILO TALLA L,10.0,Units,4.4,44.0,2026-04-29 11:38,2026-05-04 00:00,2026-05-05 16:07,,142.6,2026-09-04 22:30:36
P00144,LABMAREMI ECUADOR CIA.LTDA.,PAOLA CALVACHE,Orden de compra,Recibida completa,[EPP028] GUANTE RECUBIERTO DE NITRILO TALLA M,10.0,Units,4.4,44.0,2026-04-29 11:38,2026-05-04 00:00,2026-05-05 16:07,,142.6,2026-09-04 22:30:36
P00143,MOVERPRINT CIA. LTDA.,PAOLA CALVACHE,Orden de compra,Recibida completa,[ETI001] ETIQUETA ADHESIVA BLANCA 9X12 CM,20000.0,Units,0.021,420.0,2026-04-29 11:35,2026-05-08 00:00,2026-05-12 15:04,,615.02,2026-09-04 22:30:36
P00143,MOVERPRINT CIA. LTDA.,PAOLA CALVACHE,Orden de compra,Recibida completa,"[ETI005] ETIQUETA ADHESIVA BLANCA ENTERA 10,1X6,4 CM 500 G",10000.0,Units,0.0115,114.8,2026-04-29 11:35,2026-05-08 00:00,2026-05-12 15:04,,615.02,2026-09-04 22:30:36
P00142,MINFARMS S.A.S.,PAOLA CALVACHE,Orden de compra,Recibida completa,[MP00028] MOTA GUANABANA,1102.0,kg,1.38,1520.76,2026-04-29 08:49,2026-04-28 08:49,2026-04-29 11:54,,1520.76,2026-09-04 22:30:36
P00141,CHAVEZ TORRES MARLENE LASTENIA,PAOLA CALVACHE,Orden de compra,Recibida completa,[MP00019] NARANJILLA,3083.0,kg,0.85,2620.55,2026-04-29 08:46,2026-04-28 08:46,2026-04-29 11:54,,2620.55,2026-09-04 22:30:36
P00140,JIMENEZ POZO OSCAR DAVID,PAOLA CALVACHE,Orden de compra,Recibida completa,[MP00036] MORA TIPO B,945.0,kg,1.25,1181.25,2026-04-29 08:44,2026-04-28 08:44,2026-04-29 11:55,,1181.25,2026-09-04 22:30:36
P00139,AYALA ANTE JOSE MANUEL,PAOLA CALVACHE,Orden de compra,Recibida completa,[MP00036] MORA TIPO B,491.0,kg,1.2,589.2,2026-04-28 09:29,2026-04-28 07:29,2026-04-29 11:55,,589.2,2026-09-04 22:30:36
P00138,DIAZ LALANGUI PEDRO FRANCISCO,PAOLA CALVACHE,Orden de compra,Recibida completa,[MP00005] COCO,1039.0,kg,3.9,4052.1,2026-04-28 09:27,2026-04-28 06:27,2026-04-28 14:48,,4052.1,2026-09-04 22:30:36
P00137,MILANPLASTIC S A,PAOLA CALVACHE,Orden de compra,Recibida completa,[FUN109] FUNDA MERICA PULPA TAMARINDO 250 g,51200.0,Units,0.0323,1653.76,2026-04-28 09:20,2026-04-24 09:20,2026-04-28 16:25,,1901.82,2026-09-04 22:30:36
P00136,MILANPLASTIC S A,PAOLA CALVACHE,Orden de compra,Recibida completa,[FUN105] FUNDA MERICA PULPA DE NARANJILLA 250 g,72000.0,Units,0.0323,2325.6,2026-04-28 09:17,2026-04-24 09:17,2026-04-28 16:24,,2674.44,2026-09-04 22:30:36
P00135,CHIGUANO AYALA EDGAR DAVID,PAOLA CALVACHE,Orden de compra,Recibida completa,[MP00036] MORA TIPO B,209.0,kg,1.25,261.25,2026-04-28 09:04,2026-04-28 09:04,2026-04-29 11:54,,261.25,2026-09-04 22:30:36
P00134,GARCES ERAZO ESTEBAN ISRAEL,PAOLA CALVACHE,Orden de compra,Recibida completa,[MP00012] TOMATE DE ARBOL,3287.0,kg,1.25,4108.75,2026-04-27 16:40,2026-04-27 08:05,2026-04-29 09:44,,4108.75,2026-09-04 22:30:36
P00133,DIAZ LALANGUI PEDRO FRANCISCO,PAOLA CALVACHE,Orden de compra,Recibida completa,[MP00027] TAMARINDO,279.0,kg,2.05,571.95,2026-04-27 16:34,2026-04-27 07:34,2026-04-28 14:46,,571.95,2026-09-04 22:30:36
P00132,EMPAQUES AGROINDUSTRIALES Y QUIMICOS EMPAQUIM CIA LTDA,PAOLA CALVACHE,Orden de compra,Recibida completa,[CIN004] CINTA STRECH 50 CM,40.0,Units,6.6,264.0,2026-04-27 16:10,2026-04-24 16:10,2026-04-29 13:21,,303.6,2026-09-04 22:30:36
P00131,MILANPLASTIC S A,PAOLA CALVACHE,Orden de compra,Recibida completa,[FUN109] FUNDA MERICA PULPA TAMARINDO 250 g,20000.0,Units,0.0323,646.0,2026-04-27 15:59,2026-04-23 15:59,2026-04-27 23:26,,742.9,2026-09-04 22:30:36
P00130,MILANPLASTIC S A,PAOLA CALVACHE,Orden de compra,Recibida completa,[FUN106] FUNDA MERICA PULPA GUANABANA 250 g,68000.0,Units,0.0323,2196.4,2026-04-27 12:29,2026-04-23 12:29,2026-04-27 16:43,,2525.86,2026-09-04 22:30:36
P00129,MILANPLASTIC S A,PAOLA CALVACHE,Orden de compra,Recibida completa,[FUN105] FUNDA MERICA PULPA DE NARANJILLA 250 g,8000.0,Units,0.0323,258.4,2026-04-27 12:28,2026-04-23 12:28,2026-04-28 12:38,,297.16,2026-09-04 22:30:36
P00128,Corrugadora Nacional Cransa S.A.,PAOLA CALVACHE,Orden de compra,Recibida completa,[INS019] LAMINA SEPARADORA,3229.0,Units,0.151,487.58,2026-04-27 11:48,2026-04-24 11:48,2026-04-29 13:21,,560.72,2026-09-04 22:30:36
P00127,GUANABANA-BIG CIA.LTDA.,PAOLA CALVACHE,Orden de compra,Recibida completa,[MP00028] MOTA GUANABANA,4282.0,kg,1.5,6423.0,2026-04-27 10:12,2026-04-25 10:12,2026-04-27 23:32,,6423.0,2026-09-04 22:30:36
P00126,SILVA ARMIJOS JESSICA DANIELA,PAOLA CALVACHE,Orden de compra,Recibida completa,[MP00016] MORA DE CASTILLA,309.0,kg,1.42,438.78,2026-04-27 08:27,2026-04-27 08:27,2026-04-28 14:47,,438.78,2026-09-04 22:30:36
P00125,LISINTUÑA TIPAN CARMEN MARIA,PAOLA CALVACHE,Orden de compra,Recibida completa,[MP00016] MORA DE CASTILLA,280.0,kg,1.42,397.6,2026-04-27 08:24,2026-04-28 08:24,2026-04-28 14:48,,397.6,2026-09-04 22:30:36
P00124,"Procesadora Continental De Alimentos,S.A.",PAOLA CALVACHE,Orden de compra,Recibida completa,[MP00023] PIÑA PELADA,100.0,kg,1.372,137.2,2026-04-24 12:54,2026-04-16 12:54,2026-04-24 13:04,,137.2,2026-09-04 22:30:36
P00123,MILANPLASTIC S A,PAOLA CALVACHE,Orden de compra,Recibida completa,[FUN108] FUNDA MERICA PULPA MARACUYA CON PEPAS 500 g,40000.0,Units,0.0658,2632.0,2026-04-23 16:51,2026-06-19 16:51,2026-06-23 13:29,,5887.7,2026-09-04 22:30:36
P00123,MILANPLASTIC S A,PAOLA CALVACHE,Orden de compra,Recibida completa,[FUN107] FUNDA MERICA PULPA GUAYABA 250 g,71900.0,Units,0.0346,2487.74,2026-04-23 16:51,2026-06-19 16:51,2026-06-23 13:29,,5887.7,2026-09-04 22:30:36
P00122,MILANPLASTIC S A,PAOLA CALVACHE,Orden de compra,Recibida parcial,[FUN202] FUNDA GOYA USA PULPA DE GUAYABA,34100.0,Units,0.0496,1691.36,2026-04-23 16:48,2026-06-26 13:48,2026-06-30 09:24,Sí,1945.06,2026-09-04 22:30:36
P00121,MILANPLASTIC S A,PAOLA CALVACHE,Orden de compra,Recibida completa,[FUN207] FUNDA GOYA USA PULPA DE PAPAYA,35000.0,Units,0.0496,1736.0,2026-04-23 16:41,2026-06-26 00:00,2026-07-28 13:05,,4886.99,2026-09-04 22:30:36
P00121,MILANPLASTIC S A,PAOLA CALVACHE,Orden de compra,Recibida completa,[FUN110] FUNDA MERICA MORA ENTERA 500 g,38200.0,Units,0.0658,2513.56,2026-04-23 16:41,2026-04-24 16:41,2026-07-28 13:05,,4886.99,2026-09-04 22:30:36
P00120,MILANPLASTIC S A,PAOLA CALVACHE,Orden de compra,Recibida parcial,[FUN105] FUNDA MERICA PULPA DE NARANJILLA 250 g,65000.0,Units,0.0346,2249.0,2026-04-23 16:38,2026-06-22 00:00,2026-06-23 13:28,Sí,5172.7,2026-09-04 22:30:36
P00120,MILANPLASTIC S A,PAOLA CALVACHE,Orden de compra,Recibida parcial,[FUN103] FUNDA MERICA PULPA DE MARACUYA 250 g,65000.0,Units,0.0346,2249.0,2026-04-23 16:38,2026-06-24 00:00,2026-06-23 13:28,Sí,5172.7,2026-09-04 22:30:36
P00119,Corrugadora Nacional Cransa S.A.,PAOLA CALVACHE,Orden de compra,Pendiente recepción,[CAJ301] CAJA GOYA UE PULPA GUANABANA,2000.0,Units,0.291,582.0,2026-04-23 16:33,2026-06-22 00:00,,Sí,2242.17,2026-09-04 22:30:36
P00119,Corrugadora Nacional Cransa S.A.,PAOLA CALVACHE,Orden de compra,Pendiente recepción,[CAJ302] CAJA GOYA UE PULPA GUAYABA,900.0,Units,0.291,261.9,2026-04-23 16:33,2026-06-22 00:00,,Sí,2242.17,2026-09-04 22:30:36
P00119,Corrugadora Nacional Cransa S.A.,PAOLA CALVACHE,Orden de compra,Pendiente recepción,[CAJ306] CAJA GOYA UE PULPA PIÑA ,500.0,Units,0.291,145.5,2026-04-23 16:33,2026-06-22 00:00,,Sí,2242.17,2026-09-04 22:30:36
P00119,Corrugadora Nacional Cransa S.A.,PAOLA CALVACHE,Orden de compra,Pendiente recepción,[CAJ307] CAJA GOYA UE PULPA TOMATE ARBOL,500.0,Units,0.291,145.5,2026-04-23 16:33,2026-06-22 00:00,,Sí,2242.17,2026-09-04 22:30:36
P00119,Corrugadora Nacional Cransa S.A.,PAOLA CALVACHE,Orden de compra,Pendiente recepción,[CAJ303] CAJA GOYA UE PULPA MORA,2800.0,Units,0.291,814.8,2026-04-23 16:33,2026-06-22 00:00,,Sí,2242.17,2026-09-04 22:30:36
P00118,MILANPLASTIC S A,PAOLA CALVACHE,Orden de compra,Recibida completa,[FUN100] FUNDA MERICA PULPA TOMATE DE ARBOL 250 g,70400.0,Units,0.0346,2435.84,2026-04-23 16:31,2026-06-23 16:31,2026-06-25 12:05,,2801.22,2026-09-04 22:30:36
P00117,MILANPLASTIC S A,PAOLA CALVACHE,Orden de compra,Recibida completa,[FUN106] FUNDA MERICA PULPA GUANABANA 250 g,67300.0,Units,0.0346,2328.58,2026-04-23 16:25,2026-06-15 16:25,2026-06-17 12:04,,2677.87,2026-09-04 22:30:36
P00116,Corrugadora Nacional Cransa S.A.,PAOLA CALVACHE,Orden de compra,Recibida completa,[CAJ210] CAJA GOYA USA TOMATE DE ARBOL ENTERO,756.0,Units,0.301,227.56,2026-04-23 16:21,2026-06-09 16:21,2026-06-12 12:07,,261.69,2026-09-04 22:30:36
P00115,Corrugadora Nacional Cransa S.A.,PAOLA CALVACHE,Orden de compra,Recibida completa,"[CAJ100] CAJA MERICA 2,5 KG",8576.0,Units,0.262,2246.91,2026-04-23 16:19,2026-05-27 16:19,2026-05-28 12:36,,2583.95,2026-09-04 22:30:36
P00114,MILANPLASTIC S A,PAOLA CALVACHE,Orden de compra,Recibida completa,[ROL206] ROLLO FUNDA GOYA USA PULPA DE MORA 12X14 OZ,315.2,kg,6.2,1954.24,2026-04-23 16:11,2026-06-04 16:11,2026-06-09 12:01,,2247.38,2026-09-04 22:30:36
P00113,Corrugadora Nacional Cransa S.A.,PAOLA CALVACHE,Orden de compra,Recibida completa,"[CAJ100] CAJA MERICA 2,5 KG",8800.0,Units,0.262,2305.6,2026-04-23 16:06,2026-04-24 16:06,2026-05-27 10:12,,2651.44,2026-09-04 22:30:36
P00112,Corrugadora Nacional Cransa S.A.,PAOLA CALVACHE,Orden de compra,Recibida completa,"[CAJ100] CAJA MERICA 2,5 KG",8800.0,Units,0.262,2305.6,2026-04-23 16:02,2026-04-13 16:02,2026-05-19 10:41,,2651.44,2026-09-04 22:30:36
P00111,Corrugadora Nacional Cransa S.A.,PAOLA CALVACHE,Orden de compra,Recibida completa,[CAJ201] CAJA GOYA USA PULPA DE GUANABANA,3260.0,Units,0.301,981.26,2026-04-23 16:00,2026-05-10 16:00,2026-05-13 16:30,,1502.29,2026-09-04 22:30:36
P00111,Corrugadora Nacional Cransa S.A.,PAOLA CALVACHE,Orden de compra,Recibida completa,[CAJ207] CAJA GOYA USA PULPA DE PAPAYA,1080.0,Units,0.301,325.08,2026-04-23 16:00,2026-05-10 16:00,2026-05-13 16:30,,1502.29,2026-09-04 22:30:36
P00110,Corrugadora Nacional Cransa S.A.,PAOLA CALVACHE,Orden de compra,Recibida completa,[CAJ202] CAJA GOYA USA PULPA DE GUAYABA,3300.0,Units,0.301,993.3,2026-04-23 15:42,2026-04-24 15:42,2026-05-12 13:17,,1142.3,2026-09-04 22:30:36
P00109,MILANPLASTIC S A,PAOLA CALVACHE,Orden de compra,Recibida parcial,[FUN102] FUNDA MERICA PULPA DE MANGO 250 g,43900.0,Units,0.0346,1518.94,2026-04-23 15:19,2026-06-19 15:19,2026-06-23 13:37,Sí,1746.78,2026-09-04 22:30:36
P00108,"CALZADO ANDINO, ANDICALZADO S.A.",PAOLA CALVACHE,Orden de compra,Recibida completa,[EPP038] BOTIN DE CUERO PUNTA DE COMPOSITE TALLA 44,1.0,Units,42.0,42.0,2026-04-23 14:39,2026-04-22 00:00,2026-05-22 15:24,,730.25,2026-09-04 22:30:36
P00108,"CALZADO ANDINO, ANDICALZADO S.A.",PAOLA CALVACHE,Orden de compra,Recibida completa,[EPP039] BOTIN DE CUERO PUNTA DE COMPOSITE CUARTO FRIO,1.0,Units,47.0,47.0,2026-04-23 14:39,2026-04-22 00:00,2026-05-22 15:24,,730.25,2026-09-04 22:30:36
P00108,"CALZADO ANDINO, ANDICALZADO S.A.",PAOLA CALVACHE,Orden de compra,Recibida completa,[EPP019] BOTIN DE CUERO PUNTA DE COMPOSITE TALLA 43,1.0,Units,42.0,42.0,2026-04-23 14:39,2026-04-22 00:00,2026-05-22 15:24,,730.25,2026-09-04 22:30:36
P00108,"CALZADO ANDINO, ANDICALZADO S.A.",PAOLA CALVACHE,Orden de compra,Recibida completa,[EPP018] BOTIN DE CUERO PUNTA DE COMPOSITE TALLA 42,1.0,Units,42.0,42.0,2026-04-23 14:39,2026-04-22 00:00,2026-05-22 15:24,,730.25,2026-09-04 22:30:36
P00108,"CALZADO ANDINO, ANDICALZADO S.A.",PAOLA CALVACHE,Orden de compra,Recibida completa,[EPP017] BOTIN DE CUERO PUNTA DE COMPOSITE TALLA 41,2.0,Units,42.0,84.0,2026-04-23 14:39,2026-04-22 00:00,2026-05-22 15:24,,730.25,2026-09-04 22:30:36
P00108,"CALZADO ANDINO, ANDICALZADO S.A.",PAOLA CALVACHE,Orden de compra,Recibida completa,[EPP016] BOTIN DE CUERO PUNTA DE COMPOSITE TALLA 40,1.0,Units,42.0,42.0,2026-04-23 14:39,2026-04-22 00:00,2026-05-22 15:24,,730.25,2026-09-04 22:30:36
P00108,"CALZADO ANDINO, ANDICALZADO S.A.",PAOLA CALVACHE,Orden de compra,Recibida completa,[EPP015] BOTIN DE CUERO PUNTA DE COMPOSITE TALLA 39,1.0,Units,42.0,42.0,2026-04-23 14:39,2026-04-22 00:00,2026-05-22 15:24,,730.25,2026-09-04 22:30:36
P00108,"CALZADO ANDINO, ANDICALZADO S.A.",PAOLA CALVACHE,Orden de compra,Recibida completa,[EPP014] BOTIN DE CUERO PUNTA DE COMPOSITE TALLA 38,2.0,Units,42.0,84.0,2026-04-23 14:39,2026-04-22 00:00,2026-05-22 15:24,,730.25,2026-09-04 22:30:36
P00108,"CALZADO ANDINO, ANDICALZADO S.A.",PAOLA CALVACHE,Orden de compra,Recibida completa,[EPP013] BOTIN DE CUERO PUNTA DE COMPOSITE TALLA 37,3.0,Units,42.0,126.0,2026-04-23 14:39,2026-04-22 00:00,2026-05-22 15:24,,730.25,2026-09-04 22:30:36
P00108,"CALZADO ANDINO, ANDICALZADO S.A.",PAOLA CALVACHE,Orden de compra,Recibida completa,[EPP012] BOTIN DE CUERO PUNTA DE COMPOSITE TALLA 36,1.0,Units,42.0,42.0,2026-04-23 14:39,2026-04-22 00:00,2026-05-22 15:24,,730.25,2026-09-04 22:30:36
P00108,"CALZADO ANDINO, ANDICALZADO S.A.",PAOLA CALVACHE,Orden de compra,Recibida completa,[EPP011] BOTIN DE CUERO PUNTA DE COMPOSITE TALLA 35,1.0,Units,42.0,42.0,2026-04-23 14:39,2026-04-23 14:39,2026-05-22 15:24,,730.25,2026-09-04 22:30:36
P00107,EVIAS PAEZ LEONELA ANDREINA,PAOLA CALVACHE,Orden de compra,Recibida completa,[MP00034] ARANDANO,203.0,kg,7.6,1542.8,2026-04-23 11:31,2026-04-22 11:31,2026-04-23 16:51,,1542.8,2026-09-04 22:30:36
P00106,DIAZ LALANGUI PEDRO FRANCISCO,PAOLA CALVACHE,Orden de compra,Recibida completa,[MP00028] MOTA GUANABANA,1014.0,kg,1.48,1500.72,2026-04-22 16:36,2026-04-22 14:36,2026-04-23 08:45,,1500.72,2026-09-04 22:30:36
P00105,LABMAREMI ECUADOR CIA.LTDA.,PAOLA CALVACHE,Orden de compra,Recibida completa,[INS009] FUNDA DE BASURA GRANDE 35X47 CM,50.0,Units,1.75,87.5,2026-04-22 16:29,2026-04-24 10:29,2026-04-29 13:19,,100.63,2026-09-04 22:30:36
P00104,CHIGUANO AYALA EDGAR DAVID,PAOLA CALVACHE,Orden de compra,Recibida completa,[MP00036] MORA TIPO B,155.0,kg,1.25,193.75,2026-04-22 15:24,2026-04-21 15:24,2026-04-23 09:13,,193.75,2026-09-04 22:30:36
P00103,CHIRIBOGA LOPEZ LUIS SANTIAGO,PAOLA CALVACHE,Orden de compra,Recibida completa,[MP00034] ARANDANO,333.0,kg,5.8,1931.4,2026-04-22 12:23,2026-04-22 12:23,2026-04-22 16:15,,1931.4,2026-09-04 22:30:36
P00102,GUANABANA-BIG CIA.LTDA.,PAOLA CALVACHE,Orden de compra,Recibida completa,[MP00028] MOTA GUANABANA,4282.0,kg,1.5,6423.0,2026-04-22 12:22,2026-04-22 11:22,2026-04-22 16:15,,6423.0,2026-09-04 22:30:36
P00101,DIAZ LALANGUI PEDRO FRANCISCO,PAOLA CALVACHE,Orden de compra,Recibida completa,[MP00027] TAMARINDO,1485.0,kg,2.05,3044.25,2026-04-22 09:27,2026-04-22 06:30,2026-04-22 16:14,,3044.25,2026-09-04 22:30:36
P00100,DON GATO SUPERMERCADO MAYORISTA S.A.,PAOLA CALVACHE,Orden de compra,Recibida completa,[MP00051] AZUCAR,2500.0,kg,0.7444,1861.0,2026-04-22 09:06,2026-05-05 00:00,2026-05-05 16:08,,1861.0,2026-09-04 22:30:36
P00099,DISTRIBUIDORA DESCALZI S.A.,PAOLA CALVACHE,Orden de compra,Recibida completa,[MP00237] COLORANTE COLOR RED FRAGARIA LIQUIDO,10.0,kg,149.0,1490.0,2026-04-22 09:02,2026-04-27 00:00,2026-04-27 23:26,,1713.5,2026-09-04 22:30:36
P00098,NATIGOLD S.A.,PAOLA CALVACHE,Orden de compra,Recibida completa,[MP00230] POLVO DE CACAO ALCALINO,600.0,kg,7.5,4500.0,2026-04-22 08:56,2026-05-05 00:00,2026-05-07 10:53,,5175.0,2026-09-04 22:30:36
P00097,MILANPLASTIC S A,PAOLA CALVACHE,Orden de compra,Recibida completa,[FUN109] FUNDA MERICA PULPA TAMARINDO 250 g,65000.0,Units,0.0346,2249.0,2026-04-22 08:48,2026-05-29 00:00,2026-06-17 12:06,,7759.05,2026-09-04 22:30:36
P00097,MILANPLASTIC S A,PAOLA CALVACHE,Orden de compra,Recibida completa,[FUN105] FUNDA MERICA PULPA DE NARANJILLA 250 g,65000.0,Units,0.0346,2249.0,2026-04-22 08:48,2026-05-29 00:00,2026-06-17 12:06,,7759.05,2026-09-04 22:30:36
P00097,MILANPLASTIC S A,PAOLA CALVACHE,Orden de compra,Recibida completa,[FUN106] FUNDA MERICA PULPA GUANABANA 250 g,65000.0,Units,0.0346,2249.0,2026-04-22 08:48,2026-05-29 00:00,2026-06-17 12:06,,7759.05,2026-09-04 22:30:36
P00096,MINFARMS S.A.S.,PAOLA CALVACHE,Orden de compra,Recibida completa,[MP00028] MOTA GUANABANA,2061.0,kg,1.38,2844.18,2026-04-21 16:08,2026-04-21 16:08,2026-04-22 13:39,,2844.18,2026-09-04 22:30:36
P00095,JIMENEZ POZO OSCAR DAVID,PAOLA CALVACHE,Orden de compra,Recibida completa,[MP00036] MORA TIPO B,1000.0,kg,1.25,1250.0,2026-04-21 16:01,2026-04-21 09:01,2026-04-21 19:59,,1250.0,2026-09-04 22:30:36
P00094,EVIAS PAEZ LEONELA ANDREINA,PAOLA CALVACHE,Orden de compra,Recibida completa,[MP00034] ARANDANO,199.0,kg,7.6,1512.4,2026-04-21 16:00,2026-04-21 07:00,2026-04-21 20:00,,1512.4,2026-09-04 22:30:36
P00093,EVIAS PAEZ LEONELA ANDREINA,PAOLA CALVACHE,Orden de compra,Recibida completa,[MP00034] ARANDANO,145.0,kg,7.6,1102.0,2026-04-21 10:05,2026-04-17 10:05,2026-04-21 19:58,,1102.0,2026-09-04 22:30:36
P00092,TACO ALMEIDA JUAN FRANCISCO,PAOLA CALVACHE,Orden de compra,Recibida completa,[AMA001] AMARRA PLASTICA PEQUEÑA ,6000.0,Units,0.0189,113.22,2026-04-21 10:00,2026-04-17 10:00,2026-04-21 19:58,,130.2,2026-09-04 22:30:36
P00091,GARCES ERAZO ESTEBAN ISRAEL,PAOLA CALVACHE,Orden de compra,Recibida completa,[MP00012] TOMATE DE ARBOL,1736.0,kg,1.25,2170.0,2026-04-20 12:02,2026-04-20 12:02,2026-04-21 09:00,,2170.0,2026-09-04 22:30:36
P00090,CAISALITIN NAULA DARWIN PATRICIO,PAOLA CALVACHE,Orden de compra,Recibida completa,[MP00007] FRUTILLA,559.0,kg,0.9,503.1,2026-04-20 11:52,2026-04-21 06:00,2026-04-21 19:59,,503.1,2026-09-04 22:30:36
P00089,LABMAREMI ECUADOR CIA.LTDA.,PAOLA CALVACHE,Orden de compra,Recibida completa,[INS009] FUNDA DE BASURA GRANDE 35X47 CM,50.0,Units,1.75,87.5,2026-04-20 10:56,2026-04-16 10:56,2026-04-20 11:58,,224.83,2026-09-04 22:30:36
P00089,LABMAREMI ECUADOR CIA.LTDA.,PAOLA CALVACHE,Orden de compra,Recibida completa,[EPP028] GUANTE RECUBIERTO DE NITRILO TALLA M,10.0,Units,4.4,44.0,2026-04-20 10:56,2026-04-16 10:56,2026-04-20 11:58,,224.83,2026-09-04 22:30:36
P00089,LABMAREMI ECUADOR CIA.LTDA.,PAOLA CALVACHE,Orden de compra,Recibida completa,[EPP027] GUANTE RECUBIERTO DE NITRILO TALLA L,10.0,Units,4.4,44.0,2026-04-20 10:56,2026-04-16 10:56,2026-04-20 11:58,,224.83,2026-09-04 22:30:36
P00089,LABMAREMI ECUADOR CIA.LTDA.,PAOLA CALVACHE,Orden de compra,Recibida completa,[EPP034] BATA DESCARTABLE,20.0,Units,1.0,20.0,2026-04-20 10:56,2026-04-16 10:56,2026-04-20 11:58,,224.83,2026-09-04 22:30:36
P00088,QUIMERCO S.A.S,PAOLA CALVACHE,Orden de compra,Recibida completa,[MP00206] ALMIDON KOL GUARDO NG,136.08,kg,3.2,435.46,2026-04-19 21:36,2026-04-23 00:00,2026-04-22 16:47,,1870.09,2026-09-04 22:30:36
P00088,QUIMERCO S.A.S,PAOLA CALVACHE,Orden de compra,Recibida completa,[MP00120] FRUCTOSA,340.2,kg,3.5,1190.7,2026-04-19 21:36,2026-04-23 00:00,2026-04-22 16:47,,1870.09,2026-09-04 22:30:36
P00087,GUANABANA-BIG CIA.LTDA.,PAOLA CALVACHE,Orden de compra,Recibida completa,[MP00028] MOTA GUANABANA,4297.0,kg,1.5,6445.5,2026-04-17 15:28,2026-04-17 15:28,2026-04-20 11:59,,6445.5,2026-09-04 22:30:36
P00086,GELARDO RUIZ CLARA,PAOLA CALVACHE,Orden de compra,Recibida completa,[MP00022] PIÑA,1561.0,kg,0.55,858.55,2026-04-17 15:06,2026-04-17 11:06,2026-04-21 17:01,,858.55,2026-09-04 22:30:36
P00085,LUCIO GARCIA FELIX ANCELMO,PAOLA CALVACHE,Orden de compra,Recibida completa,[MP00020] PAPAYA,2045.0,kg,1.15,2351.75,2026-04-17 13:04,2026-04-17 07:30,2026-04-20 11:58,,2351.75,2026-09-04 22:30:36
P00084,SILVA ARMIJOS JESSICA DANIELA,PAOLA CALVACHE,Orden de compra,Recibida completa,[MP00016] MORA DE CASTILLA,390.0,kg,1.42,553.8,2026-04-17 12:56,2026-04-17 08:56,2026-04-20 11:59,,553.8,2026-09-04 22:30:36
P00083,AGUILAR CHUGA CRISTOPHER ALEXANDER,PAOLA CALVACHE,Orden de compra,Recibida completa,[MP00003] GUAYABA,3766.0,kg,0.75,2824.5,2026-04-17 12:50,2026-04-22 12:50,2026-04-23 22:42,,2824.5,2026-09-04 22:30:36
P00082,LUCIO GARCIA FELIX ANCELMO,PAOLA CALVACHE,Orden de compra,Recibida completa,[MP00020] PAPAYA,2792.0,kg,1.15,3210.8,2026-04-17 12:49,2026-04-22 06:49,2026-04-22 16:14,,3210.8,2026-09-04 22:30:36
P00081,NOGUERA GILER YOFFRE GEOVANNY,PAOLA CALVACHE,Orden de compra,Recibida completa,[MP00014] MARACUYA,12583.0,kg,0.65,8178.95,2026-04-17 12:47,2026-04-18 12:47,2026-04-21 09:00,,8178.95,2026-09-04 22:30:36
P00080,LISINTUÑA TIPAN CARMEN MARIA,PAOLA CALVACHE,Orden de compra,Recibida completa,[MP00016] MORA DE CASTILLA,270.0,kg,1.42,383.4,2026-04-17 10:22,2026-04-18 10:22,2026-04-20 11:59,,383.4,2026-09-04 22:30:36
P00079,CAISALITIN NAULA DARWIN PATRICIO,PAOLA CALVACHE,Orden de compra,Recibida completa,[MP00154] FRUTILLA DESPITONADA PARA TOPPING,359.0,kg,1.0,359.0,2026-04-17 09:28,2026-04-17 06:30,2026-04-20 11:58,,359.0,2026-09-04 22:30:36
P00078,LAGUAQUIZA SANGUCHO SERGIO PAUL,PAOLA CALVACHE,Orden de compra,Recibida completa,[MP00154] FRUTILLA DESPITONADA PARA TOPPING,415.0,kg,1.04,431.6,2026-04-17 09:27,2026-04-17 07:27,2026-04-20 11:58,,431.6,2026-09-04 22:30:36
P00077,GUANABANA-BIG CIA.LTDA.,PAOLA CALVACHE,Orden de compra,Recibida completa,[MP00028] MOTA GUANABANA,3882.0,kg,1.5,5823.0,2026-04-17 09:04,2026-04-16 09:04,2026-04-17 09:57,,5823.0,2026-09-04 22:30:36
P00076,LLUGLLUNA CAIZA JOSE MIGUEL,PAOLA CALVACHE,Orden de compra,Recibida completa,[MP00154] FRUTILLA DESPITONADA PARA TOPPING,653.0,kg,1.04,679.12,2026-04-17 08:58,2026-04-16 08:58,2026-04-17 09:57,,679.12,2026-09-04 22:30:36
P00075,AGUILAR CHUGA CRISTOPHER ALEXANDER,PAOLA CALVACHE,Orden de compra,Recibida completa,[MP00003] GUAYABA,3591.0,kg,0.75,2693.25,2026-04-16 16:05,2026-04-16 16:05,2026-04-17 09:20,,2693.25,2026-09-04 22:30:36
P00074,ENRIQUEZ PEREZ LAURA ELINA,PAOLA CALVACHE,Orden de compra,Recibida completa,[MP00154] FRUTILLA DESPITONADA PARA TOPPING,778.0,kg,1.03,801.34,2026-04-16 16:02,2026-04-16 07:02,2026-04-17 09:21,,801.34,2026-09-04 22:30:36
P00073,CHAVEZ TORRES MARLENE LASTENIA,PAOLA CALVACHE,Orden de compra,Recibida completa,[MP00019] NARANJILLA,4815.0,kg,0.85,4092.75,2026-04-16 14:15,2026-04-21 11:15,2026-04-21 19:59,,4092.75,2026-09-04 22:30:36
P00069,DIAZ LALANGUI PEDRO FRANCISCO,PAOLA CALVACHE,Orden de compra,Recibida completa,[MP00028] MOTA GUANABANA,1633.0,kg,1.48,2416.84,2026-04-15 22:52,2026-04-15 17:52,2026-04-17 09:20,,2416.84,2026-09-04 22:30:36
P00068,MILANPLASTIC S A,PAOLA CALVACHE,Orden de compra,Recibida completa,[FUN202] FUNDA GOYA USA PULPA DE GUAYABA,34000.0,Units,0.0495,1683.0,2026-04-15 22:46,2026-04-16 22:46,2026-06-16 12:39,,1935.45,2026-09-04 22:30:36
P00067,MILANPLASTIC S A,PAOLA CALVACHE,Orden de compra,Recibida parcial,[FUN206] FUNDA GOYA USA PULPA DE MORA,72200.0,Units,0.0496,3581.12,2026-04-15 22:43,2026-04-16 22:43,2026-06-16 12:36,Sí,4118.29,2026-09-04 22:30:36
P00066,Corrugadora Nacional Cransa S.A.,PAOLA CALVACHE,Orden de compra,Recibida completa,[CAJ208] CAJA GOYA USA PULPA DE PIÑA,732.0,Units,0.301,220.33,2026-04-15 22:38,2026-04-08 22:38,2026-06-12 12:17,,253.38,2026-09-04 22:30:36
P00065,Corrugadora Nacional Cransa S.A.,PAOLA CALVACHE,Orden de compra,Recibida completa,[CAJ206] CAJA GOYA USA PULPA DE MORA,2200.0,Units,0.301,662.2,2026-04-15 22:37,2026-04-16 22:37,2026-05-27 10:12,,1523.06,2026-09-04 22:30:36
P00065,Corrugadora Nacional Cransa S.A.,PAOLA CALVACHE,Orden de compra,Recibida completa,[CAJ202] CAJA GOYA USA PULPA DE GUAYABA,2200.0,Units,0.301,662.2,2026-04-15 22:37,2026-04-16 22:37,2026-05-27 10:12,,1523.06,2026-09-04 22:30:36
P00064,Corrugadora Nacional Cransa S.A.,PAOLA CALVACHE,Orden de compra,Recibida completa,[CAJ201] CAJA GOYA USA PULPA DE GUANABANA,2200.0,Units,0.301,662.2,2026-04-15 22:35,2026-05-06 22:35,2026-05-12 13:17,,761.53,2026-09-04 22:30:36
P00063,Corrugadora Nacional Cransa S.A.,PAOLA CALVACHE,Orden de compra,Recibida completa,[CAJ202] CAJA GOYA USA PULPA DE GUAYABA,2120.0,Units,0.301,638.12,2026-04-15 22:32,2026-04-27 22:32,2026-04-28 16:24,,733.84,2026-09-04 22:30:36
P00062,Corrugadora Nacional Cransa S.A.,PAOLA CALVACHE,Orden de compra,Recibida completa,[CAJ303] CAJA GOYA UE PULPA MORA,2620.0,Units,0.291,762.42,2026-04-15 22:26,2026-05-27 22:26,2026-05-28 12:37,,876.78,2026-09-04 22:30:36
P00061,Corrugadora Nacional Cransa S.A.,PAOLA CALVACHE,Orden de compra,Recibida completa,[CAJ302] CAJA GOYA UE PULPA GUAYABA,671.0,Units,0.291,195.26,2026-04-15 22:25,2026-04-16 22:25,2026-05-27 10:11,,997.59,2026-09-04 22:30:36
P00061,Corrugadora Nacional Cransa S.A.,PAOLA CALVACHE,Orden de compra,Recibida completa,[CAJ301] CAJA GOYA UE PULPA GUANABANA,2310.0,Units,0.291,672.21,2026-04-15 22:25,2026-04-16 22:25,2026-05-27 10:11,,997.59,2026-09-04 22:30:36
P00060,Corrugadora Nacional Cransa S.A.,PAOLA CALVACHE,Orden de compra,Recibida completa,[CAJ300] CAJA GOYA UE MORA ENTERA,677.0,Units,0.291,197.01,2026-04-15 22:22,2026-05-06 22:22,2026-05-12 13:17,,1794.07,2026-09-04 22:30:36
P00060,Corrugadora Nacional Cransa S.A.,PAOLA CALVACHE,Orden de compra,Recibida completa,[CAJ301] CAJA GOYA UE PULPA GUANABANA,1977.0,Units,0.291,575.31,2026-04-15 22:22,2026-05-06 22:22,2026-05-12 13:17,,1794.07,2026-09-04 22:30:36
P00060,Corrugadora Nacional Cransa S.A.,PAOLA CALVACHE,Orden de compra,Recibida completa,[CAJ303] CAJA GOYA UE PULPA MORA,2707.0,Units,0.291,787.74,2026-04-15 22:22,2026-05-06 22:22,2026-05-12 13:17,,1794.07,2026-09-04 22:30:36
P00059,Corrugadora Nacional Cransa S.A.,PAOLA CALVACHE,Orden de compra,Recibida completa,[CAJ302] CAJA GOYA UE PULPA GUAYABA,877.0,Units,0.291,255.21,2026-04-15 22:14,2026-04-26 22:14,2026-04-28 16:23,,1230.51,2026-09-04 22:30:36
P00059,Corrugadora Nacional Cransa S.A.,PAOLA CALVACHE,Orden de compra,Recibida completa,[CAJ305] CAJA GOYA UE PULPA PAPAYA,712.0,Units,0.291,207.19,2026-04-15 22:14,2026-04-26 22:14,2026-04-28 16:23,,1230.51,2026-09-04 22:30:36
P00059,Corrugadora Nacional Cransa S.A.,PAOLA CALVACHE,Orden de compra,Recibida completa,[CAJ306] CAJA GOYA UE PULPA PIÑA ,990.0,Units,0.291,288.09,2026-04-15 22:14,2026-04-26 22:14,2026-04-28 16:23,,1230.51,2026-09-04 22:30:36
P00059,Corrugadora Nacional Cransa S.A.,PAOLA CALVACHE,Orden de compra,Recibida completa,[CAJ307] CAJA GOYA UE PULPA TOMATE ARBOL,1098.0,Units,0.291,319.52,2026-04-15 22:14,2026-04-26 22:14,2026-04-28 16:23,,1230.51,2026-09-04 22:30:36
P00058,TITADSU,PAOLA CALVACHE,Orden de compra,Recibida completa,[INS017] KIT DE SEGURIDAD PARA CONTENEDORES,20.0,Units,4.66,93.2,2026-04-15 21:55,2026-04-21 00:00,2026-04-20 12:53,,107.18,2026-09-04 22:30:36
P00057,GARCES ERAZO ESTEBAN ISRAEL,PAOLA CALVACHE,Orden de compra,Recibida completa,[MP00012] TOMATE DE ARBOL,411.0,kg,1.25,513.75,2026-04-15 10:47,2026-04-15 10:47,2026-04-16 12:38,,513.75,2026-09-04 22:30:36
P00056,GARCES ERAZO ESTEBAN ISRAEL,PAOLA CALVACHE,Orden de compra,Recibida completa,[MP00241] TOMATE DE ARBOL 4 CM,991.0,kg,1.55,1536.05,2026-04-15 10:40,2026-04-15 08:30,2026-04-16 12:38,,1536.05,2026-09-04 22:30:36
P00055,Corrugadora Nacional Cransa S.A.,PAOLA CALVACHE,Orden de compra,Recibida completa,"[CAJ100] CAJA MERICA 2,5 KG",9760.0,Units,0.262,2557.12,2026-04-15 10:34,2026-04-13 10:34,2026-04-15 12:12,,2940.69,2026-09-04 22:30:36
P00054,MILANPLASTIC S A,PAOLA CALVACHE,Orden de compra,Recibida parcial,[ROL012] ROLLO TRANSPARENTE 150 g ,134.1,kg,7.505,1006.42,2026-04-14 16:07,2026-05-22 16:07,2026-05-27 10:51,Sí,1157.38,2026-09-04 22:30:36
P00053,Corrugadora Nacional Cransa S.A.,PAOLA CALVACHE,Orden de compra,Recibida parcial,[CAJ001] CAJA MASTER HF X 10 KG,763.0,Units,0.475,362.43,2026-04-14 15:58,2026-04-15 15:58,2026-07-24 15:26,Sí,1208.85,2026-09-04 22:30:36
P00053,Corrugadora Nacional Cransa S.A.,PAOLA CALVACHE,Orden de compra,Recibida parcial,[CAJ003] CAJA MASTER HF X 15 KG,725.0,Units,0.95,688.75,2026-04-14 15:58,2026-04-15 15:58,2026-07-24 15:26,Sí,1208.85,2026-09-04 22:30:36
P00052,Corrugadora Nacional Cransa S.A.,PAOLA CALVACHE,Orden de compra,Recibida completa,[EMB100] PERFIL DE EMBALAJE,740.0,Units,0.655,484.7,2026-04-14 15:54,2026-04-28 15:54,2026-04-29 15:51,,557.41,2026-09-04 22:30:36
P00051,Compania Nacional de Plasticos Conaplas S.A.,PAOLA CALVACHE,Orden de compra,Recibida completa,[CIN004] CINTA STRECH 50 CM,140.0,Units,6.0,840.0,2026-04-14 15:35,2026-05-08 00:00,2026-05-12 14:57,,966.0,2026-09-04 22:30:36
P00050,SMART CHEMISTRY SMACH S.A.,PAOLA CALVACHE,Orden de compra,Recibida completa,[INS001] ACIDO PERACETICO 15%,92.0,kg,5.92,544.64,2026-04-14 15:27,2026-05-05 00:00,2026-05-04 22:38,,626.34,2026-09-04 22:30:36
P00049,SECADO Y TRATADO DE MADERA SETRAMAD CIA. LTDA.,PAOLA CALVACHE,Orden de compra,Recibida completa,[PAL0001] PALLET RECICLADO DE MADERA ESTANDAR 100X120 CM,60.0,Units,6.5,390.0,2026-04-14 15:18,2026-04-07 15:18,2026-05-07 16:16,,448.5,2026-09-04 22:30:36
P00048,APRACOM S.A.,PAOLA CALVACHE,Orden de compra,Recibida completa,[INS013] JABON ALK 25,80.0,kg,1.85,148.0,2026-04-14 12:57,2026-05-05 00:00,2026-05-05 17:02,,340.4,2026-09-04 22:30:36
P00048,APRACOM S.A.,PAOLA CALVACHE,Orden de compra,Recibida completa,[INS014] JABON BC ALK CLOR,80.0,kg,1.85,148.0,2026-04-14 12:57,2026-05-05 00:00,2026-05-05 17:02,,340.4,2026-09-04 22:30:36
P00047,MOVERPRINT CIA. LTDA.,PAOLA CALVACHE,Orden de compra,Recibida completa,"[ETI009] ETIQUETA ADHESIVA VERDE 10X29,55 CM",2500.0,Units,0.06,149.93,2026-04-14 12:54,2026-04-24 00:00,2026-04-27 23:27,,172.42,2026-09-04 22:30:36
P00046,Compania Nacional de Plasticos Conaplas S.A.,PAOLA CALVACHE,Orden de compra,Recibida completa,[CIN003] CINTA DE EMBALAJE TRANSP 48X1000 YD,18.0,Units,6.5,117.0,2026-04-14 12:47,2026-04-16 00:00,2026-04-20 12:54,,134.55,2026-09-04 22:30:36
P00045,SMART CHEMISTRY SMACH S.A.,PAOLA CALVACHE,Orden de compra,Recibida completa,[INS001] ACIDO PERACETICO 15%,92.0,kg,5.92,544.64,2026-04-14 12:44,2026-04-16 00:00,2026-04-17 10:35,,626.34,2026-09-04 22:30:36
P00044,APRACOM S.A.,PAOLA CALVACHE,Orden de compra,Recibida completa,[INS013] JABON ALK 25,100.0,kg,1.85,185.0,2026-04-14 12:41,2026-04-16 00:00,2026-04-22 16:35,,297.85,2026-09-04 22:30:36
P00044,APRACOM S.A.,PAOLA CALVACHE,Orden de compra,Recibida completa,[INS014] JABON BC ALK CLOR,40.0,kg,1.85,74.0,2026-04-14 12:41,2026-04-16 00:00,2026-04-22 16:35,,297.85,2026-09-04 22:30:36
P00043,MOVERPRINT CIA. LTDA.,PAOLA CALVACHE,Orden de compra,Recibida completa,[INS025] RIBBON DE RESINA 300 M,10.0,Units,21.45,214.5,2026-04-14 12:34,2026-04-17 00:00,2026-04-17 11:53,,578.46,2026-09-04 22:30:36
P00043,MOVERPRINT CIA. LTDA.,PAOLA CALVACHE,Orden de compra,Recibida completa,[INS026] RIBBON DE RESINA 450 M,10.0,Units,28.85,288.5,2026-04-14 12:34,2026-04-17 00:00,2026-04-17 11:53,,578.46,2026-09-04 22:30:36
P00041,CHAVEZ TORRES MARLENE LASTENIA,PAOLA CALVACHE,Orden de compra,Recibida completa,[MP00019] NARANJILLA,3996.0,kg,0.85,3396.6,2026-04-14 10:15,2026-04-14 10:15,2026-04-15 09:21,,3396.6,2026-09-04 22:30:36
P00040,JIMENEZ POZO OSCAR DAVID,PAOLA CALVACHE,Orden de compra,Recibida completa,[MP00036] MORA TIPO B,704.0,kg,1.2,844.8,2026-04-14 10:07,2026-04-14 09:07,2026-04-15 09:21,,844.8,2026-09-04 22:30:36
P00039,GRUPO DYMAP SCC.,PAOLA CALVACHE,Orden de compra,Recibida completa,[PAL0002] PALLET ESTANDAR DE MADERA 100X120 CM,60.0,Units,12.45,747.0,2026-04-13 22:08,2026-04-27 00:00,2026-04-28 23:20,,1876.8,2026-09-04 22:30:36
P00039,GRUPO DYMAP SCC.,PAOLA CALVACHE,Orden de compra,Recibida completa,[PAL0003] PALLET EUROPEO DE MADERA 80X120 CM,60.0,Units,14.75,885.0,2026-04-13 22:08,2026-04-27 00:00,2026-04-28 23:20,,1876.8,2026-09-04 22:30:36
P00037,DON GATO SUPERMERCADO MAYORISTA S.A.,PAOLA CALVACHE,Orden de compra,Recibida completa,[MP00051] AZUCAR,2500.0,kg,0.7334,1833.5,2026-04-13 16:55,2026-04-09 16:55,2026-04-14 08:27,,1833.5,2026-09-04 22:30:36
P00035,LISINTUÑA TIPAN CARMEN MARIA,PAOLA CALVACHE,Orden de compra,Recibida completa,[MP00016] MORA DE CASTILLA,363.0,kg,1.42,515.46,2026-04-13 16:50,2026-04-10 16:50,2026-04-14 09:33,,515.46,2026-09-04 22:30:36
P00034,NOGUERA GILER YOFFRE GEOVANNY,PAOLA CALVACHE,Orden de compra,Recibida completa,[MP00014] MARACUYA,15466.0,kg,0.59,9124.94,2026-04-13 16:43,2026-04-14 16:43,2026-04-14 09:33,,9124.94,2026-09-04 22:30:36
P00033,LLUGLLUNA CAIZA JOSE MIGUEL,PAOLA CALVACHE,Orden de compra,Recibida completa,[MP00007] FRUTILLA,526.0,kg,0.95,499.7,2026-04-13 16:39,2026-04-13 07:39,2026-04-14 09:32,,499.7,2026-09-04 22:30:36
P00032,Corrugadora Nacional Cransa S.A.,PAOLA CALVACHE,Orden de compra,Recibida completa,[INS019] LAMINA SEPARADORA,3300.0,Units,0.151,498.3,2026-04-10 13:16,2026-04-10 11:16,2026-04-13 08:46,,573.05,2026-09-04 22:30:36
P00031,ZURITA AGUILAR JESSICA TATIANA,PAOLA CALVACHE,Orden de compra,Recibida completa,[INS020] LIMPION PAÑOS WYPALL,20.0,Units,7.67,153.4,2026-04-10 11:06,2026-04-27 00:00,2026-04-13 12:34,,317.86,2026-09-04 22:30:36
P00031,ZURITA AGUILAR JESSICA TATIANA,PAOLA CALVACHE,Orden de compra,Recibida completa,[INS023] PAPEL CAFE WYPALL 300 M,20.0,Units,6.15,123.0,2026-04-10 11:06,2026-04-15 00:00,2026-04-13 12:34,,317.86,2026-09-04 22:30:36
P00030,LABMAREMI ECUADOR CIA.LTDA.,PAOLA CALVACHE,Orden de compra,Recibida completa,[INS009] FUNDA DE BASURA GRANDE 35X47 CM,50.0,Units,1.75,87.5,2026-04-10 10:57,2026-04-17 10:30,2026-04-16 19:17,,224.83,2026-09-04 22:30:36
P00030,LABMAREMI ECUADOR CIA.LTDA.,PAOLA CALVACHE,Orden de compra,Recibida completa,[EPP028] GUANTE RECUBIERTO DE NITRILO TALLA M,10.0,Units,4.4,44.0,2026-04-10 10:57,2026-04-17 10:30,2026-04-16 19:17,,224.83,2026-09-04 22:30:36
P00030,LABMAREMI ECUADOR CIA.LTDA.,PAOLA CALVACHE,Orden de compra,Recibida completa,[EPP027] GUANTE RECUBIERTO DE NITRILO TALLA L,10.0,Units,4.4,44.0,2026-04-10 10:57,2026-04-17 10:30,2026-04-16 19:17,,224.83,2026-09-04 22:30:36
P00030,LABMAREMI ECUADOR CIA.LTDA.,PAOLA CALVACHE,Orden de compra,Recibida completa,[EPP034] BATA DESCARTABLE,20.0,Units,1.0,20.0,2026-04-10 10:57,2026-04-17 10:30,2026-04-16 19:17,,224.83,2026-09-04 22:30:36
P00029,MOVERPRINT CIA. LTDA.,PAOLA CALVACHE,Orden de compra,Recibida completa,[ETI001] ETIQUETA ADHESIVA BLANCA 9X12 CM,30000.0,Units,0.021,630.0,2026-04-09 15:39,2026-04-08 15:39,2026-04-09 20:15,,724.5,2026-09-04 22:30:36
P00028,COMPANIA DE TRANSPORTE TYDCOSERVICES S.A.,PAOLA CALVACHE,Orden de compra,Recibida completa,[INS032] Diesel,1000.0,Units,2.7698,2769.8,2026-04-09 15:29,2026-04-06 07:29,2026-04-09 15:46,,3185.27,2026-09-04 22:30:36
P00027,AGUILAR CHUGA CRISTOPHER ALEXANDER,PAOLA CALVACHE,Orden de compra,Recibida completa,[MP00003] GUAYABA,3730.0,kg,0.75,2797.5,2026-04-09 14:51,2026-04-09 06:30,2026-04-09 20:15,,2797.5,2026-09-04 22:30:36
P00026,ALMEIDA AGUIRRE MARITZA RAQUEL,PAOLA CALVACHE,Orden de compra,Recibida completa,[CAL003] DATA LOGGER DESECHABLE,20.0,Units,20.0,400.0,2026-04-09 14:04,2026-04-14 00:00,2026-04-15 16:56,,460.0,2026-09-04 22:30:36
P00025,DISTRIBUIDORA DESCALZI S.A.,PAOLA CALVACHE,Orden de compra,Recibida completa,[CAL002] HISOPO CLEAN TRACE WATER AQT200,30.0,Units,4.0,120.0,2026-04-09 12:37,2026-04-14 00:00,2026-04-15 09:20,,2370.16,2026-09-04 22:30:36
P00025,DISTRIBUIDORA DESCALZI S.A.,PAOLA CALVACHE,Orden de compra,Recibida completa,[CAL010] HISOPO CLEAN TRACE SUPERFICIE UXL100,380.0,Units,2.4,912.0,2026-04-09 12:37,2026-04-14 00:00,2026-04-15 09:20,,2370.16,2026-09-04 22:30:36
P00025,DISTRIBUIDORA DESCALZI S.A.,PAOLA CALVACHE,Orden de compra,Recibida completa,[CAL009] PLACA PTRFLM AEROBIOS,200.0,Units,1.02,204.0,2026-04-09 12:37,2026-04-14 00:00,2026-04-15 09:20,,2370.16,2026-09-04 22:30:36
P00025,DISTRIBUIDORA DESCALZI S.A.,PAOLA CALVACHE,Orden de compra,Recibida completa,[CAL007] PLACA PTRFLM RAPID E. COLI-COLIFORME,250.0,Units,2.04,510.0,2026-04-09 12:37,2026-04-14 00:00,2026-04-15 09:20,,2370.16,2026-09-04 22:30:36
P00025,DISTRIBUIDORA DESCALZI S.A.,PAOLA CALVACHE,Orden de compra,Recibida completa,[CAL008] PLACA PTRFLM MOHOS Y LEVADURA,50.0,Units,1.15,57.5,2026-04-09 12:37,2026-04-14 00:00,2026-04-15 09:20,,2370.16,2026-09-04 22:30:36
P00025,DISTRIBUIDORA DESCALZI S.A.,PAOLA CALVACHE,Orden de compra,Recibida completa,[CAL006] PLACA PTRFLM RAPID MOHOS Y LEVADURAS,100.0,Units,1.7,170.0,2026-04-09 12:37,2026-04-14 00:00,2026-04-15 09:20,,2370.16,2026-09-04 22:30:36
P00025,DISTRIBUIDORA DESCALZI S.A.,PAOLA CALVACHE,Orden de compra,Recibida completa,[CAL004] HISOPO QUICK TRACE 1 ML,25.0,Units,1.8,45.0,2026-04-09 12:37,2026-04-14 00:00,2026-04-15 09:20,,2370.16,2026-09-04 22:30:36
P00025,DISTRIBUIDORA DESCALZI S.A.,PAOLA CALVACHE,Orden de compra,Recibida completa,[CAL005] PLACA PTRFLM RAPID AEROBIOS,25.0,Units,1.7,42.5,2026-04-09 12:37,2026-04-14 00:00,2026-04-15 09:20,,2370.16,2026-09-04 22:30:36
P00024,NATIGOLD S.A.,PAOLA CALVACHE,Orden de compra,Recibida completa,[MP00230] POLVO DE CACAO ALCALINO,300.0,kg,7.5,2250.0,2026-04-09 11:53,2026-04-14 11:53,2026-04-15 16:56,,2587.5,2026-09-04 22:30:36
P00023,Corrugadora Nacional Cransa S.A.,PAOLA CALVACHE,Orden de compra,Recibida completa,[CAJ106] CAJA MERICA MORA ENTERA,1100.0,Units,0.385,423.5,2026-04-09 10:54,2026-04-07 10:54,2026-04-09 15:44,,487.03,2026-09-04 22:30:36
P00022,DISTRIBUIDORA DESCALZI S.A.,PAOLA CALVACHE,Orden de compra,Recibida completa,[MP00244] ESENCIA DE FRESA,7.87,kg,20.59,162.04,2026-04-09 10:48,2026-04-07 10:48,2026-04-09 11:46,,186.35,2026-09-04 22:30:36
P00021,MILANPLASTIC S A,PAOLA CALVACHE,Orden de compra,Recibida completa,[FUN107] FUNDA MERICA PULPA GUAYABA 250 g,35500.0,Units,0.0372,1321.65,2026-04-06 10:42,2026-04-06 10:42,2026-04-09 15:44,,1519.9,2026-09-04 22:30:36
P00020,APRACOM S.A.,PAOLA CALVACHE,Orden de compra,Recibida completa,[INS013] JABON ALK 25,80.0,kg,1.85,148.0,2026-04-09 09:07,2026-04-07 09:07,2026-04-09 10:45,,340.4,2026-09-04 22:30:36
P00020,APRACOM S.A.,PAOLA CALVACHE,Orden de compra,Recibida completa,[INS014] JABON BC ALK CLOR,80.0,kg,1.85,148.0,2026-04-09 09:07,2026-04-07 09:07,2026-04-09 10:45,,340.4,2026-09-04 22:30:36
P00019,DIAZ LALANGUI PEDRO FRANCISCO,PAOLA CALVACHE,Orden de compra,Recibida completa,[MP00028] MOTA GUANABANA,1600.0,kg,1.48,2368.0,2026-04-09 08:55,2026-04-08 14:00,2026-04-09 09:18,,2368.0,2026-09-04 22:30:36
P00017,GELARDO RUIZ CLARA,PAOLA CALVACHE,Orden de compra,Recibida completa,[MP00022] PIÑA,2348.0,kg,0.55,1291.4,2026-04-08 11:38,2026-04-08 11:38,2026-04-09 09:17,,1291.4,2026-09-04 22:30:36
P00016,DIAZ LALANGUI PEDRO FRANCISCO,PAOLA CALVACHE,Orden de compra,Recibida completa,[MP00027] TAMARINDO,1388.0,kg,2.05,2845.4,2026-04-08 11:35,2026-04-08 06:35,2026-04-08 13:58,,2845.4,2026-09-04 22:30:36
P00015,MINFARMS S.A.S.,PAOLA CALVACHE,Orden de compra,Recibida completa,[MP00028] MOTA GUANABANA,1114.0,kg,1.38,1537.32,2026-04-07 16:03,2026-04-07 15:03,2026-04-08 08:46,,1537.32,2026-09-04 22:30:36
P00014,GUANABANA-BIG CIA.LTDA.,PAOLA CALVACHE,Orden de compra,Recibida completa,[MP00028] MOTA GUANABANA,3245.0,kg,1.5,4867.5,2026-04-07 15:55,2026-04-07 14:55,2026-04-08 08:46,,4867.5,2026-09-04 22:30:36
P00013,CHAVEZ TORRES MARLENE LASTENIA,PAOLA CALVACHE,Orden de compra,Recibida completa,[MP00019] NARANJILLA,4618.0,kg,0.85,3925.3,2026-04-07 15:29,2026-04-08 15:29,2026-04-08 08:47,,3925.3,2026-09-04 22:30:36
P00008,ALITECNO COMERCIO DE INSUMOS PARA LA INDUSTRIA DE ALIMENTOS,PAOLA CALVACHE,Orden de compra,Recibida completa,[EPP029] MANDIL AZUL PVC,20.0,Units,14.5,290.0,2026-04-13 10:00,2026-04-13 00:00,2026-04-13 08:45,,333.5,2026-09-04 22:30:36
P00007,JIMENEZ POZO OSCAR DAVID,PAOLA CALVACHE,Orden de compra,Recibida completa,[MP00036] MORA TIPO B,784.0,kg,1.1,862.4,2026-04-07 10:57,2026-04-07 08:30,2026-04-07 14:53,,862.4,2026-09-04 22:30:36
P00006,SECADO Y TRATADO DE MADERA SETRAMAD CIA. LTDA.,PAOLA CALVACHE,Orden de compra,Recibida completa,[PAL0001] PALLET RECICLADO DE MADERA ESTANDAR 100X120 CM,40.0,Units,6.5,260.0,2026-04-07 09:58,2026-04-06 09:58,2026-04-07 14:52,,299.0,2026-09-04 22:30:36
P00005,TOP TRADING TOPTRA CIA. LTDA.,PAOLA CALVACHE,Orden de compra,Recibida completa,[MP00056] ACIDO ASCORBICO,50.0,kg,5.81,290.5,2026-04-07 09:52,2026-04-06 09:52,2026-04-07 14:51,,334.08,2026-09-04 22:30:36
P00004,Corrugadora Nacional Cransa S.A.,PAOLA CALVACHE,Orden de compra,Recibida completa,"[CAJ100] CAJA MERICA 2,5 KG",9438.0,Units,0.262,2472.76,2026-04-07 09:45,2026-04-08 09:45,2026-04-07 14:54,,3889.93,2026-09-04 22:30:36
P00004,Corrugadora Nacional Cransa S.A.,PAOLA CALVACHE,Orden de compra,Recibida completa,[CAJ103] CAJA MERICA FRUTA ENTERA,2187.0,Units,0.416,909.79,2026-04-07 09:45,2026-04-08 09:45,2026-04-07 14:54,,3889.93,2026-09-04 22:30:36
P00003,Corrugadora Nacional Cransa S.A.,PAOLA CALVACHE,Orden de compra,Recibida completa,[CAJ204] CAJA GOYA USA PULPA DE MANGO,2194.0,Units,0.301,660.39,2026-04-07 09:28,2026-04-05 09:28,2026-04-07 14:51,,759.45,2026-09-04 22:30:36
P00002,DIAZ LALANGUI PEDRO FRANCISCO,PAOLA CALVACHE,Orden de compra,Recibida completa,[MP00027] TAMARINDO,1469.0,kg,2.05,3011.45,2026-04-06 16:28,2026-04-06 06:30,2026-04-07 09:00,,3011.45,2026-09-04 22:30:36
P00001,NOGUERA GILER YOFFRE GEOVANNY,PAOLA CALVACHE,Orden de compra,Recibida completa,[MP00014] MARACUYA,10922.0,kg,0.59,6443.98,2026-04-06 07:02,2026-04-06 07:02,2026-04-07 09:00,,6443.98,2026-09-04 22:30:36
